6 0.431375 0.521405 0.020344 0.102951
6 0.374305 0.526581 0.026016 0.099391
6 0.317344 0.533220 0.018094 0.080773
6 0.299469 0.533700 0.016156 0.087400
6 0.284008 0.526733 0.015797 0.106159
6 0.269172 0.532600 0.014531 0.085293
6 0.256211 0.540375 0.018766 0.072881
6 0.332445 0.532237 0.015703 0.091967
6 0.399094 0.536171 0.014750 0.084754
6 0.359406 0.539918 0.015031 0.073513
6 0.426398 0.554578 0.015609 0.048314
8 0.481797 0.546347 0.029687 0.057471
6 0.388156 0.542201 0.008563 0.067400
6 0.409406 0.524625 0.013094 0.096230
6 0.691406 0.357143 0.057813 0.119438
