2 0.266642 0.357974 0.087369 0.150229
2 0.840858 0.440743 0.255082 0.462761
2 0.938480 0.518113 0.123039 0.404918
2 0.204118 0.470833 0.040654 0.181340
0 0.904918 0.137802 0.190163 0.208056
0 0.278529 0.175833 0.225948 0.351242
0 0.105670 0.300482 0.211340 0.600735
0 0.702982 0.129306 0.090310 0.195899
8 0.862917 0.831895 0.130343 0.164052
2 0.722181 0.192835 0.072761 0.058578
2 0.031536 0.651691 0.063072 0.123056
5 0.886127 0.741528 0.120784 0.041814
2 0.818693 0.163979 0.062941 0.060801
0 0.449616 0.416275 0.899232 0.821699
