9 0.866992 0.357844 0.186578 0.190146
6 0.412508 0.707844 0.022172 0.108562
6 0.440242 0.755000 0.022359 0.118708
2 0.180383 0.686073 0.288609 0.440521
0 0.306289 0.584854 0.442422 0.223167
0 0.202633 0.485271 0.128047 0.229417
0 0.301406 0.442979 0.092344 0.212375
8 0.512758 0.792323 0.031922 0.093021
7 0.592820 0.750927 0.084016 0.073229
7 0.495508 0.657302 0.340453 0.375271
7 0.213656 0.464563 0.040094 0.029167
0 0.856477 0.363042 0.025266 0.081958
8 0.406109 0.789229 0.025531 0.049958
5 0.915242 0.726396 0.024891 0.020167
