0 0.410560 0.896973 0.071520 0.203973
0 0.316190 0.828013 0.120060 0.192880
0 0.407390 0.611320 0.021740 0.079707
0 0.093640 0.886053 0.061600 0.197707
0 0.041960 0.854547 0.065920 0.209627
0 0.124460 0.954640 0.057600 0.090347
0 0.317500 0.967347 0.063080 0.065040
0 0.329270 0.578760 0.014860 0.041093
0 0.848080 0.726920 0.051160 0.089893
0 0.900470 0.592440 0.018620 0.052987
0 0.845360 0.578320 0.007840 0.045493
0 0.785790 0.588653 0.014020 0.059547
0 0.926780 0.721947 0.052200 0.125973
0 0.772000 0.568000 0.452000 0.154667
