2 0.418080 0.522461 0.138970 0.127797
2 0.309391 0.524555 0.112974 0.133172
2 0.768525 0.553766 0.104543 0.115281
2 0.152963 0.473953 0.100820 0.100906
2 0.337178 0.440477 0.067424 0.028641
0 0.661838 0.584273 0.589438 0.714609
0 0.279660 0.437734 0.230937 0.351938
0 0.871745 0.384766 0.056183 0.039813
0 0.930386 0.390813 0.080867 0.060594
0 0.054098 0.366500 0.059344 0.061313
0 0.752576 0.395195 0.058267 0.046484
2 0.774625 0.424266 0.053419 0.013813
2 0.809977 0.426102 0.032412 0.007297
2 0.833852 0.440180 0.073607 0.020672
0 0.968770 0.419562 0.046393 0.045844
2 0.730199 0.531437 0.078197 0.082312
2 0.751569 0.529148 0.059578 0.076047
0 0.680176 0.352539 0.052248 0.038922
0 0.831686 0.397250 0.108618 0.060969
