2 0.795620 0.747312 0.270680 0.479550
2 0.635220 0.648483 0.095720 0.424535
7 0.911410 0.604414 0.053220 0.022342
7 0.921280 0.618378 0.038760 0.020180
7 0.929760 0.699955 0.015600 0.090901
7 0.988160 0.749955 0.023680 0.099189
7 0.905710 0.547928 0.050620 0.018799
7 0.903200 0.579114 0.049960 0.021351
7 0.921850 0.631396 0.075940 0.024474
7 0.957360 0.680060 0.023200 0.011291
7 0.956880 0.670315 0.023760 0.010841
7 0.935260 0.680165 0.052600 0.092282
7 0.908490 0.531126 0.046220 0.024535
7 0.914880 0.765736 0.045760 0.057237
7 0.908630 0.558408 0.045580 0.013754
7 0.899000 0.737237 0.198000 0.369369
