0 0.419484 0.549784 0.102375 0.294156
0 0.507656 0.312489 0.080500 0.126234
0 0.674125 0.321310 0.058813 0.097424
0 0.163125 0.438171 0.056063 0.176342
0 0.753375 0.406374 0.066125 0.087511
0 0.710359 0.600963 0.075375 0.211797
0 0.815500 0.429935 0.098687 0.283810
0 0.447594 0.309870 0.055750 0.121169
0 0.636578 0.618799 0.153125 0.183485
0 0.605641 0.371299 0.074719 0.172511
0 0.477344 0.271353 0.031656 0.068550
8 0.494016 0.350314 0.010719 0.022792
8 0.341984 0.343831 0.010437 0.013896
2 0.630219 0.414816 0.048969 0.053355
2 0.647570 0.432370 0.051234 0.018074
2 0.690641 0.416667 0.055531 0.047273
2 0.703367 0.435552 0.050297 0.020801
2 0.881133 0.448690 0.054203 0.026558
2 0.934117 0.455736 0.037609 0.022727
2 0.529469 0.187208 0.050094 0.033680
2 0.561367 0.349318 0.039984 0.039416
0 0.239516 0.434351 0.090063 0.205628
0 0.402094 0.211753 0.062656 0.082208
2 0.741523 0.414621 0.032391 0.036385
2 0.527141 0.152197 0.050094 0.029026
2 0.577813 0.157597 0.048656 0.031039
2 0.575742 0.185130 0.039609 0.031818
2 0.542789 0.223398 0.040609 0.046623
0 0.700000 0.339827 0.134375 0.125541
