9 0.299055 0.616464 0.076922 0.169415
2 0.255406 0.812037 0.229781 0.369930
2 0.535289 0.624672 0.106891 0.176417
0 0.416539 0.575785 0.038891 0.113443
0 0.535898 0.507588 0.034734 0.061077
7 0.496805 0.743349 0.038734 0.018033
7 0.490477 0.758794 0.051016 0.024145
7 0.492273 0.754801 0.038203 0.021827
7 0.534047 0.756030 0.035250 0.053794
2 0.468430 0.589227 0.038234 0.102014
2 0.519977 0.562693 0.034766 0.057190
7 0.750922 0.881792 0.064250 0.046159
7 0.761852 0.899169 0.095516 0.061194
7 0.759523 0.874438 0.053953 0.037775
7 0.496078 0.681101 0.047438 0.032787
7 0.831625 0.862260 0.052562 0.085129
