0 0.648438 0.494112 0.563594 0.980601
0 0.060516 0.554674 0.118344 0.602245
0 0.074305 0.343616 0.137891 0.400444
0 0.933094 0.260836 0.133813 0.378068
8 0.105617 0.380418 0.032109 0.095352
3 0.207039 0.649021 0.169922 0.253290
3 0.211344 0.496671 0.128625 0.092089
3 0.356727 0.403943 0.121297 0.019687
3 0.787281 0.392206 0.038375 0.017154
2 0.248586 0.600548 0.016016 0.057546
2 0.310695 0.423016 0.163672 0.021540
3 0.806617 0.394791 0.094578 0.089896
3 0.817336 0.382768 0.114891 0.095196
3 0.961078 0.879321 0.077844 0.106893
3 0.933672 0.633329 0.132656 0.077937
