0 0.471646 0.383086 0.493708 0.635266
7 0.155031 0.170703 0.042396 0.082719
7 0.200406 0.174602 0.040313 0.073078
7 0.230646 0.179109 0.044375 0.065938
7 0.157240 0.025570 0.024604 0.051141
7 0.258417 0.031398 0.030125 0.059828
7 0.168823 0.169898 0.038896 0.081297
7 0.187937 0.030195 0.050583 0.060391
7 0.199906 0.282695 0.048937 0.080484
7 0.178927 0.170539 0.040688 0.079297
7 0.221615 0.277555 0.056396 0.086141
2 0.035937 0.575734 0.071875 0.073813
7 0.256208 0.178867 0.048583 0.066203
0 0.212729 0.595508 0.425458 0.440453
7 0.335708 0.038914 0.028542 0.058266
7 0.188833 0.282773 0.039250 0.076984
7 0.256250 0.209375 0.512500 0.418750
