2 0.639672 0.268917 0.040969 0.073042
0 0.463891 0.535573 0.042719 0.201437
0 0.560094 0.372948 0.049875 0.154396
0 0.256609 0.611667 0.035969 0.180375
0 0.485016 0.332885 0.041000 0.164813
0 0.109977 0.614583 0.043141 0.127833
0 0.852898 0.226302 0.022391 0.064687
0 0.879898 0.222573 0.034297 0.077271
0 0.829016 0.225948 0.030812 0.064562
0 0.934375 0.227927 0.026812 0.083854
0 0.279773 0.557302 0.040453 0.206729
0 0.774359 0.215438 0.035094 0.064333
2 0.630805 0.072698 0.026391 0.062729
2 0.849578 0.032979 0.031031 0.050917
2 0.708148 0.027677 0.034891 0.053937
2 0.657922 0.221260 0.028813 0.029146
2 0.631820 0.218458 0.023359 0.028917
2 0.828562 0.148729 0.024625 0.058708
2 0.160664 0.303656 0.048453 0.053854
2 0.831070 0.197708 0.025672 0.027750
0 0.152102 0.647240 0.079047 0.052188
0 0.190266 0.283333 0.066344 0.112875
2 0.993508 0.214844 0.012984 0.032521
2 0.683523 0.028427 0.025578 0.041188
2 0.080828 0.383385 0.050906 0.094729
2 0.156344 0.325510 0.050031 0.077729
0 0.499219 0.498958 0.998437 0.997917
