6 0.682583 0.380961 0.068250 0.093391
6 0.581240 0.351766 0.065687 0.090375
6 0.545646 0.342117 0.064500 0.091859
6 0.499875 0.325750 0.073708 0.094375
6 0.458802 0.306625 0.079229 0.105750
6 0.716281 0.681469 0.048146 0.062000
6 0.422729 0.309508 0.056833 0.072609
6 0.622823 0.367219 0.079854 0.094125
6 0.537906 0.619344 0.057229 0.070813
0 0.319094 0.490641 0.620229 0.977531
6 0.656573 0.374906 0.041562 0.085812
6 0.646240 0.658883 0.049688 0.051797
6 0.758313 0.694484 0.049792 0.062656
6 0.617708 0.687500 0.293750 0.268750
