7 0.573992 0.227479 0.009859 0.073083
7 0.582555 0.226083 0.008891 0.071167
7 0.643813 0.214010 0.010531 0.074146
7 0.556758 0.125229 0.007984 0.082167
7 0.621711 0.219677 0.024484 0.081604
7 0.633437 0.118219 0.017031 0.083646
7 0.584078 0.034865 0.024688 0.064521
7 0.679383 0.034583 0.016953 0.066542
7 0.614648 0.032458 0.010516 0.064917
7 0.593609 0.128062 0.010406 0.074500
7 0.605000 0.032604 0.017844 0.065208
7 0.609625 0.128104 0.021125 0.071167
7 0.622453 0.129531 0.008937 0.065937
8 0.987531 0.218417 0.024938 0.018542
8 0.899141 0.196135 0.020656 0.009021
8 0.854789 0.208042 0.030422 0.036250
8 0.976781 0.244542 0.045531 0.044333
7 0.635938 0.166667 0.106250 0.187500
