2 0.137671 0.502445 0.139979 0.146734
2 0.037029 0.442867 0.072774 0.108578
2 0.391128 0.504633 0.052277 0.124828
0 0.490466 0.515437 0.249545 0.674156
0 0.753716 0.582203 0.301760 0.819812
0 0.454441 0.309336 0.061925 0.090547
0 0.017867 0.296070 0.033665 0.072672
0 0.202847 0.304945 0.086315 0.045984
0 0.374089 0.315281 0.105611 0.153531
0 0.158106 0.429586 0.165031 0.202422
0 0.900280 0.281273 0.024824 0.022922
0 0.919462 0.276508 0.024803 0.023234
0 0.049876 0.303125 0.047288 0.086313
0 0.935145 0.443203 0.129710 0.387656
0 0.836708 0.278414 0.024720 0.028672
0 0.879337 0.292453 0.040911 0.032125
2 0.322567 0.390414 0.032712 0.037703
2 0.276232 0.386547 0.018054 0.015781
0 0.549689 0.331250 0.722567 0.193750
