6 0.739258 0.141448 0.022859 0.098312
6 0.767359 0.124271 0.029344 0.117333
6 0.786945 0.119740 0.016609 0.114646
6 0.849633 0.131937 0.033391 0.098792
6 0.874258 0.146115 0.024547 0.077813
6 0.907125 0.121938 0.032313 0.141000
6 0.810867 0.125635 0.035453 0.113271
0 0.820102 0.583333 0.322641 0.804042
8 0.569211 0.525156 0.032953 0.052854
6 0.481023 0.484948 0.020609 0.096812
8 0.549859 0.636292 0.021937 0.022125
8 0.956516 0.150115 0.037625 0.088771
8 0.562148 0.682365 0.023641 0.041729
8 0.519414 0.648917 0.023484 0.047542
8 0.614047 0.531573 0.026937 0.047146
8 0.581477 0.803344 0.027328 0.046771
8 0.525227 0.524104 0.027672 0.046250
