6 0.642249 0.676320 0.044498 0.102547
6 0.596517 0.618547 0.021904 0.038469
6 0.572950 0.603523 0.028828 0.030734
6 0.555199 0.641008 0.035921 0.068109
6 0.390732 0.604703 0.049874 0.086031
6 0.617312 0.660930 0.034079 0.098953
6 0.678149 0.510125 0.052615 0.077438
6 0.665596 0.660062 0.019351 0.077312
6 0.707782 0.523039 0.061883 0.060391
6 0.580450 0.655242 0.041192 0.076109
6 0.532531 0.628953 0.035900 0.068094
6 0.262615 0.411633 0.046946 0.098047
6 0.655502 0.504523 0.040879 0.071234
6 0.489540 0.550781 0.430962 0.376563
