0 0.287156 0.481979 0.408781 0.668917
0 0.397297 0.545760 0.515031 0.743188
7 0.192008 0.088521 0.152609 0.121875
7 0.217508 0.215333 0.011578 0.079958
7 0.204227 0.207792 0.021297 0.093667
7 0.184172 0.320635 0.043094 0.091229
7 0.266016 0.225000 0.016094 0.107333
7 0.213906 0.208302 0.027312 0.093646
0 0.655617 0.594385 0.647203 0.788771
7 0.239328 0.210844 0.045875 0.111146
7 0.179234 0.307885 0.056219 0.100646
7 0.168383 0.192406 0.028047 0.086604
7 0.142180 0.189896 0.014672 0.081667
7 0.185906 0.203875 0.016875 0.087583
