9 0.942594 0.578937 0.114094 0.255917
6 0.614633 0.609708 0.038328 0.129208
7 0.465414 0.596781 0.087609 0.032521
7 0.372039 0.610187 0.071297 0.015833
7 0.380789 0.588354 0.083047 0.021208
7 0.776930 0.557094 0.017641 0.038604
7 0.466281 0.581260 0.081437 0.030021
7 0.446867 0.550312 0.064109 0.017708
7 0.666969 0.618375 0.071688 0.058292
7 0.371047 0.574667 0.067219 0.019667
7 0.769820 0.661250 0.031672 0.061292
7 0.656117 0.602448 0.072797 0.051521
7 0.449453 0.557344 0.074719 0.016229
7 0.472391 0.614469 0.084219 0.015896
7 0.739234 0.559479 0.020656 0.042375
7 0.509375 0.568750 0.662500 0.145833
