6 0.250367 0.628646 0.026859 0.091708
2 0.906656 0.712750 0.076687 0.230792
2 0.337438 0.566740 0.014813 0.032229
4 0.599039 0.601042 0.129141 0.116500
1 0.447789 0.407531 0.013922 0.072979
0 0.479305 0.691937 0.208266 0.500917
0 0.270891 0.527656 0.129781 0.221938
0 0.058773 0.354250 0.008703 0.029333
0 0.477016 0.396073 0.054312 0.153938
0 0.268016 0.442917 0.141219 0.330625
0 0.861234 0.407875 0.050562 0.267417
0 0.087797 0.425781 0.070187 0.302187
1 0.275273 0.376385 0.089641 0.109354
1 0.662695 0.819000 0.122516 0.197583
1 0.465453 0.392156 0.012156 0.063479
8 0.709641 0.618677 0.029875 0.038146
5 0.318437 0.336302 0.007531 0.010687
0 0.231813 0.312292 0.052531 0.068542
0 0.562094 0.444656 0.116156 0.383479
0 0.352398 0.374219 0.035016 0.122562
0 0.381023 0.380937 0.032266 0.127708
0 0.030570 0.430042 0.060422 0.249750
8 0.710484 0.662896 0.027312 0.057458
2 0.307031 0.785000 0.106906 0.105667
2 0.417992 0.832479 0.117266 0.197583
5 0.173602 0.645344 0.018703 0.015646
0 0.163844 0.431396 0.114781 0.359333
6 0.119375 0.559823 0.019187 0.053646
0 0.318750 0.367708 0.634375 0.139583
