2 0.247648 0.160750 0.110453 0.201458
0 0.604727 0.260135 0.209453 0.398646
0 0.367125 0.276167 0.169469 0.424708
0 0.168539 0.623594 0.333703 0.730354
0 0.797719 0.577406 0.404563 0.845187
8 0.370477 0.591938 0.053703 0.108583
8 0.521711 0.455000 0.046891 0.085500
8 0.549391 0.535687 0.055625 0.097083
8 0.467273 0.840281 0.078141 0.145646
8 0.646664 0.449979 0.048609 0.083875
8 0.819273 0.031260 0.031359 0.031438
8 0.817922 0.057937 0.026062 0.005375
8 0.811773 0.061802 0.037703 0.004312
5 0.398148 0.631167 0.051391 0.048875
0 0.246070 0.464042 0.239328 0.568542
0 0.807305 0.343823 0.229203 0.543812
2 0.083992 0.149865 0.142797 0.086104
2 0.087648 0.079292 0.152422 0.158583
2 0.075773 0.227958 0.119641 0.109958
2 0.769391 0.279521 0.121687 0.289000
2 0.092281 0.178187 0.130156 0.075125
8 0.427562 0.470135 0.050969 0.081771
