1 0.731977 0.597553 0.020297 0.058682
0 0.308898 0.693259 0.367109 0.586518
0 0.910695 0.568118 0.052609 0.149647
0 0.869531 0.560388 0.032688 0.163835
0 0.966203 0.556929 0.050687 0.080965
0 0.770273 0.559247 0.041578 0.168235
0 0.645508 0.560518 0.030016 0.159435
0 0.689258 0.578553 0.074984 0.207741
0 0.667008 0.523341 0.019984 0.103576
0 0.628680 0.545106 0.014172 0.126965
1 0.223242 0.665082 0.197922 0.329412
0 0.759672 0.588812 0.038031 0.148588
0 0.737172 0.568529 0.033406 0.192871
0 0.229547 0.467871 0.020156 0.040635
0 0.807453 0.568847 0.022531 0.125506
0 0.500000 0.492941 0.996875 0.985882
