0 0.496352 0.361615 0.244391 0.723229
0 0.931063 0.101333 0.120844 0.201625
0 0.798547 0.279927 0.079219 0.263104
0 0.743398 0.204760 0.117141 0.342187
0 0.677586 0.149260 0.060672 0.255312
0 0.582516 0.100167 0.044344 0.181000
0 0.808211 0.099573 0.058734 0.116104
0 0.838703 0.105438 0.039594 0.116667
0 0.987195 0.112469 0.025609 0.145688
0 0.885219 0.107104 0.047656 0.172625
0 0.858234 0.092823 0.017781 0.071938
0 0.610492 0.131781 0.042328 0.213938
0 0.313055 0.075333 0.011797 0.021417
0 0.497656 0.067708 0.585938 0.085417
