9 0.764344 0.178062 0.123438 0.134833
2 0.259742 0.496688 0.084578 0.130042
2 0.187578 0.686563 0.109750 0.146333
7 0.384961 0.093427 0.011859 0.028687
7 0.456305 0.138323 0.048016 0.048021
7 0.399539 0.124937 0.011891 0.028000
7 0.370219 0.059865 0.010219 0.036188
7 0.439594 0.065313 0.008531 0.033292
7 0.434844 0.070333 0.005437 0.029792
7 0.468438 0.049927 0.007656 0.024729
7 0.400219 0.044833 0.012812 0.034792
0 0.668484 0.619823 0.086906 0.366729
0 0.406250 0.380635 0.106406 0.263521
0 0.323594 0.596625 0.094375 0.271917
0 0.220680 0.351219 0.090234 0.194646
0 0.262187 0.286219 0.073469 0.261063
0 0.324438 0.393250 0.116281 0.233708
0 0.182680 0.235333 0.059547 0.126500
0 0.064344 0.301052 0.061500 0.125896
0 0.264578 0.529229 0.061469 0.172958
2 0.165961 0.789906 0.114703 0.171854
2 0.078563 0.924354 0.105156 0.151292
2 0.054148 0.811823 0.105172 0.127979
7 0.445320 0.062969 0.004734 0.029854
2 0.615055 0.940073 0.117953 0.119854
2 0.202789 0.912969 0.179922 0.162812
7 0.449883 0.023469 0.004891 0.030646
7 0.456047 0.057750 0.023656 0.035583
7 0.387234 0.049990 0.010156 0.025104
7 0.383313 0.133948 0.030312 0.038896
0 0.271758 0.711688 0.130516 0.332458
7 0.418750 0.068750 0.150000 0.137500
