0 0.246102 0.548792 0.017828 0.066708
0 0.885648 0.560281 0.014328 0.039604
0 0.862234 0.575406 0.011906 0.054646
0 0.848961 0.550771 0.012453 0.050583
0 0.860133 0.519479 0.004984 0.018000
0 0.508281 0.567969 0.011813 0.030854
0 0.697937 0.542031 0.017563 0.049604
0 0.741172 0.543531 0.011500 0.049396
0 0.761281 0.545750 0.009469 0.048292
0 0.318523 0.544177 0.018547 0.060687
0 0.717547 0.539135 0.012562 0.042729
0 0.627688 0.547937 0.010094 0.039250
0 0.391484 0.506812 0.007125 0.019708
0 0.448437 0.516667 0.856250 0.154167
