0 0.163120 0.717400 0.058120 0.066427
0 0.536020 0.761933 0.074960 0.094107
0 0.558640 0.738027 0.036080 0.054933
0 0.849400 0.749293 0.036680 0.081520
0 0.798530 0.743893 0.046980 0.065867
0 0.117980 0.708493 0.030320 0.045147
0 0.471500 0.722227 0.026240 0.035333
2 0.950560 0.712747 0.037280 0.066133
2 0.791500 0.771600 0.061440 0.077387
2 0.637090 0.765987 0.069260 0.070907
2 0.729990 0.761480 0.050900 0.080507
2 0.880770 0.708813 0.043740 0.049787
2 0.441690 0.761973 0.041140 0.049067
2 0.110360 0.736427 0.050840 0.046240
2 0.903740 0.760000 0.069480 0.063307
2 0.367210 0.717067 0.067780 0.081600
2 0.260910 0.725587 0.047620 0.058960
0 0.732640 0.721053 0.025320 0.040827
2 0.500370 0.780027 0.084540 0.087200
2 0.156170 0.734240 0.047100 0.056853
0 0.128260 0.703187 0.013680 0.021040
2 0.694000 0.757333 0.344000 0.090667
