0 0.759773 0.486479 0.299297 0.876137
0 0.212102 0.370233 0.424203 0.505616
7 0.437898 0.691712 0.042266 0.343973
7 0.494570 0.713904 0.023797 0.282548
7 0.401703 0.711164 0.042000 0.315479
7 0.539969 0.716534 0.030344 0.299370
7 0.656820 0.712370 0.039734 0.296630
7 0.530000 0.547466 0.100406 0.045726
7 0.572883 0.720726 0.028266 0.299534
7 0.515883 0.720178 0.021359 0.297014
7 0.367820 0.713932 0.035891 0.314603
7 0.688023 0.715493 0.022922 0.303808
7 0.631078 0.716356 0.020219 0.294849
7 0.611969 0.721356 0.021781 0.296630
7 0.594727 0.678068 0.025609 0.372740
