2 0.041234 0.243829 0.082469 0.146066
2 0.053227 0.473466 0.106453 0.417986
2 0.901266 0.308607 0.103344 0.274918
2 0.493219 0.301745 0.078563 0.299368
2 0.189539 0.483326 0.140547 0.413583
2 0.412906 0.361944 0.068812 0.177143
0 0.257875 0.439321 0.185906 0.528103
0 0.540500 0.433700 0.196406 0.786511
0 0.725172 0.472342 0.326813 0.823934
0 0.498891 0.132822 0.039813 0.051124
0 0.392969 0.203009 0.115156 0.262084
0 0.827078 0.246557 0.106875 0.412225
0 0.928047 0.323595 0.143906 0.489906
0 0.204594 0.228396 0.082469 0.142881
0 0.773641 0.110117 0.050969 0.220234
0 0.136266 0.323513 0.070062 0.171616
0 0.090289 0.279977 0.062297 0.113817
1 0.445383 0.348314 0.074672 0.196721
1 0.366711 0.470597 0.081453 0.163677
