0 0.540539 0.716803 0.112766 0.450703
0 0.713664 0.200000 0.083953 0.350539
0 0.389437 0.341042 0.026750 0.045925
0 0.490789 0.616733 0.110516 0.479977
0 0.575836 0.390176 0.068172 0.174871
0 0.234484 0.675867 0.099437 0.493607
0 0.749477 0.624906 0.156297 0.525457
0 0.673078 0.481311 0.078250 0.277752
0 0.421609 0.599543 0.073750 0.478337
0 0.308320 0.589590 0.119422 0.500820
0 0.716297 0.753009 0.160562 0.370562
0 0.623508 0.478384 0.064609 0.278361
0 0.626172 0.374625 0.060219 0.125316
0 0.391406 0.533958 0.314063 0.496487
