3 0.221594 0.444634 0.163344 0.180871
3 0.031633 0.490557 0.055078 0.187875
1 0.402984 0.420105 0.143656 0.263728
1 0.515750 0.631115 0.115531 0.197805
0 0.397898 0.523136 0.220922 0.701707
0 0.671422 0.346298 0.103719 0.278206
0 0.826453 0.241690 0.027969 0.068153
0 0.637414 0.331037 0.070047 0.285557
0 0.732648 0.375226 0.063484 0.200348
0 0.722586 0.221760 0.022922 0.040453
0 0.596578 0.545557 0.184000 0.380557
0 0.723516 0.266237 0.017156 0.032056
0 0.735859 0.240549 0.023531 0.074861
0 0.560328 0.310244 0.103000 0.270732
0 0.268461 0.419834 0.155984 0.260889
