0 0.670930 0.399657 0.041953 0.105925
0 0.707742 0.452162 0.022297 0.059667
0 0.736602 0.441944 0.030672 0.089917
0 0.782305 0.464834 0.037359 0.056861
0 0.886516 0.478160 0.030250 0.056445
0 0.857305 0.477869 0.029922 0.055946
0 0.646727 0.360686 0.030922 0.074428
0 0.614938 0.392464 0.033750 0.114241
0 0.819852 0.471081 0.036109 0.059792
0 0.551477 0.352547 0.027891 0.053659
0 0.475492 0.346237 0.020609 0.050146
0 0.437398 0.341580 0.020484 0.056466
0 0.386992 0.339376 0.020516 0.055385
8 0.155789 0.941694 0.057516 0.115863
8 0.031961 0.955270 0.046141 0.087297
8 0.091891 0.936112 0.058656 0.126445
8 0.212453 0.951019 0.060500 0.097963
8 0.149727 0.868659 0.052766 0.051497
0 0.110727 0.358545 0.026828 0.121081
1 0.543562 0.363316 0.016063 0.028794
8 0.467859 0.821726 0.074531 0.077672
8 0.224203 0.828825 0.055500 0.136486
0 0.528906 0.351351 0.939063 0.353430
