0 0.406984 0.714473 0.244375 0.308431
0 0.179914 0.661803 0.161922 0.474145
0 0.450648 0.190656 0.031641 0.088150
0 0.478250 0.192822 0.023062 0.086534
0 0.361367 0.477646 0.016203 0.139649
0 0.383984 0.470667 0.026125 0.164848
0 0.433422 0.426089 0.024281 0.034614
0 0.463391 0.471475 0.024188 0.149555
0 0.451289 0.375960 0.021078 0.083724
0 0.707859 0.372810 0.032719 0.066276
0 0.360555 0.394660 0.013453 0.024590
0 0.830320 0.062576 0.012484 0.044262
0 0.463508 0.176827 0.013234 0.054450
0 0.499219 0.555035 0.995313 0.524590
