0 0.467021 0.642672 0.243292 0.264906
0 0.737240 0.427148 0.102063 0.162641
0 0.252135 0.248352 0.067771 0.077391
0 0.546333 0.372008 0.075500 0.080047
0 0.476708 0.368602 0.082833 0.086953
0 0.338146 0.367109 0.085250 0.086094
0 0.270781 0.362648 0.067437 0.078391
0 0.300187 0.312789 0.072750 0.101172
0 0.371115 0.320234 0.073729 0.107031
0 0.614604 0.035633 0.067458 0.071266
0 0.406260 0.070164 0.067687 0.095578
2 0.664833 0.289602 0.061333 0.049453
2 0.682208 0.250422 0.070792 0.072750
2 0.614469 0.242070 0.063354 0.058516
2 0.921271 0.245688 0.068083 0.057625
2 0.972938 0.297680 0.053458 0.063578
2 0.142542 0.378297 0.059542 0.040406
2 0.269604 0.127195 0.052250 0.036047
2 0.599552 0.285453 0.053687 0.038031
2 0.286354 0.220570 0.053708 0.024609
2 0.372448 0.169320 0.059396 0.022266
2 0.909125 0.291445 0.068375 0.052203
2 0.946010 0.142367 0.065604 0.036672
2 0.979240 0.241289 0.041521 0.052297
0 0.411531 0.362500 0.076021 0.102469
0 0.165979 0.063156 0.055958 0.089531
2 0.503125 0.217188 0.964583 0.400000
0 0.498958 0.214844 0.997917 0.429688
