2 0.718125 0.857617 0.307906 0.264718
2 0.424039 0.851491 0.205266 0.297019
0 0.206633 0.753685 0.029953 0.063239
0 0.250734 0.752535 0.011219 0.055775
0 0.269117 0.738967 0.048203 0.084460
0 0.303789 0.740880 0.033109 0.060728
0 0.439914 0.669073 0.042453 0.097723
0 0.544453 0.698779 0.034813 0.111127
2 0.719656 0.730434 0.082156 0.039977
2 0.230539 0.887735 0.312828 0.224531
2 0.252703 0.805188 0.133656 0.066103
2 0.906727 0.729343 0.125797 0.046479
2 0.512008 0.822019 0.060141 0.139249
2 0.593078 0.864038 0.103219 0.231455
2 0.058805 0.881854 0.116641 0.234742
0 0.233328 0.768087 0.013594 0.026643
2 0.904375 0.863474 0.191250 0.273052
2 0.117789 0.820141 0.057141 0.061643
2 0.626188 0.729636 0.080437 0.042512
