0 0.403284 0.855703 0.030065 0.109837
0 0.300180 0.781618 0.013431 0.044673
0 0.385376 0.843938 0.027843 0.124477
0 0.459894 0.843243 0.043971 0.050408
0 0.548456 0.854935 0.041389 0.104118
3 0.900899 0.924551 0.081078 0.058546
3 0.744632 0.913096 0.166454 0.011291
0 0.624395 0.816969 0.018301 0.039690
0 0.659853 0.820343 0.015294 0.054771
0 0.925180 0.899657 0.071144 0.092484
0 0.765858 0.787712 0.010212 0.042157
3 0.706373 0.875261 0.105196 0.023137
3 0.462304 0.892761 0.061699 0.037484
2 0.485196 0.859624 0.023431 0.040686
0 0.635049 0.890539 0.038791 0.094935
0 0.641708 0.817729 0.009690 0.032222
0 0.737721 0.783856 0.013775 0.027059
0 0.717059 0.766054 0.012974 0.034755
3 0.631029 0.905172 0.051634 0.012239
0 0.432190 0.846405 0.864379 0.245098
