0 0.539156 0.633146 0.066969 0.316917
0 0.464320 0.634833 0.112922 0.334833
0 0.332047 0.638333 0.067094 0.209542
0 0.816578 0.517969 0.102813 0.217979
0 0.231188 0.604208 0.035844 0.171208
0 0.262539 0.570760 0.037891 0.167313
0 0.880898 0.524427 0.050953 0.219229
0 0.643000 0.526656 0.056906 0.135562
0 0.377203 0.600625 0.014219 0.137375
0 0.378008 0.513323 0.013578 0.049813
0 0.357180 0.486750 0.035547 0.073083
0 0.948617 0.574042 0.072391 0.122333
0 0.488867 0.513729 0.029422 0.074417
0 0.437500 0.573958 0.684375 0.239583
