6 0.730180 0.447135 0.024578 0.115146
5 0.110742 0.932792 0.115266 0.088625
8 0.499422 0.768302 0.076406 0.157354
0 0.562961 0.333073 0.139391 0.190729
0 0.199719 0.369656 0.210687 0.348312
0 0.073313 0.431677 0.146625 0.422479
0 0.750000 0.721344 0.495500 0.543812
0 0.348875 0.332594 0.178656 0.283146
0 0.982453 0.300552 0.035094 0.154146
0 0.798734 0.326792 0.130094 0.256500
6 0.720234 0.268635 0.017813 0.057729
8 0.650711 0.500677 0.035953 0.095854
8 0.582352 0.410646 0.018953 0.038917
5 0.329016 0.593771 0.058906 0.027042
5 0.251687 0.592500 0.040844 0.041375
0 0.827914 0.385958 0.110828 0.251458
0 0.919438 0.386583 0.161125 0.259667
6 0.170211 0.489833 0.038016 0.096458
8 0.298383 0.528823 0.045953 0.106604
4 0.315734 0.799521 0.375000 0.365292
4 0.358484 0.486437 0.214500 0.158500
4 0.679906 0.581458 0.153469 0.092708
4 0.578328 0.611760 0.302031 0.354729
4 0.136766 0.591333 0.263969 0.188083
4 0.715969 0.498646 0.111312 0.125417
4 0.515375 0.430115 0.117031 0.093396
2 0.443219 0.346292 0.043156 0.158083
2 0.496258 0.326167 0.076453 0.113167
2 0.614305 0.313656 0.049422 0.133187
5 0.758195 0.497042 0.022766 0.019750
