6 0.873031 0.848855 0.025844 0.153178
2 0.893680 0.809019 0.151391 0.092150
2 0.922227 0.771998 0.133328 0.162500
0 0.874445 0.488563 0.075734 0.135070
0 0.027797 0.614603 0.052594 0.348318
0 0.757969 0.575140 0.097625 0.251028
0 0.144727 0.538832 0.162609 0.237196
6 0.793906 0.840748 0.032750 0.121308
6 0.802086 0.813014 0.019797 0.087991
0 0.219906 0.729731 0.189781 0.520257
0 0.082297 0.452722 0.104000 0.277780
0 0.278000 0.461063 0.029406 0.073528
0 0.307109 0.462640 0.040531 0.098551
0 0.640383 0.475666 0.052578 0.090210
0 0.019445 0.471869 0.037734 0.061869
0 0.238781 0.476799 0.051219 0.099159
2 0.108430 0.750701 0.086266 0.172196
2 0.850531 0.608341 0.087875 0.044299
2 0.846352 0.633294 0.074109 0.050748
2 0.791516 0.732150 0.029437 0.108925
0 0.210750 0.396951 0.065156 0.149322
6 0.823805 0.496647 0.011016 0.046472
0 0.516766 0.531671 0.543687 0.898715
2 0.884367 0.550619 0.061016 0.068294
0 0.764844 0.462617 0.310937 0.107477
