6 0.854398 0.450544 0.027516 0.086025
6 0.741250 0.335774 0.025062 0.070084
6 0.052258 0.193745 0.039609 0.087238
6 0.030742 0.180188 0.027703 0.059079
6 0.864914 0.332061 0.010641 0.086632
6 0.796484 0.330220 0.023563 0.083410
6 0.716078 0.341056 0.015406 0.055879
6 0.706109 0.352301 0.013469 0.033054
2 0.222227 0.729519 0.143703 0.134226
6 0.649766 0.436569 0.018906 0.063515
6 0.631953 0.433190 0.019656 0.064749
6 0.596547 0.437322 0.023875 0.067029
6 0.120961 0.201151 0.086703 0.201799
2 0.462625 0.599948 0.135719 0.149477
6 0.845602 0.339508 0.018391 0.066925
6 0.380469 0.467573 0.032813 0.156904
