2 0.125836 0.603125 0.251672 0.337792
2 0.547180 0.266740 0.098703 0.168063
0 0.345508 0.402396 0.569672 0.759542
0 0.325672 0.178625 0.141531 0.277458
0 0.081078 0.264646 0.162156 0.382875
0 0.724367 0.253750 0.112797 0.205500
0 0.977805 0.297208 0.044391 0.189333
0 0.816867 0.164042 0.025641 0.052917
0 0.874273 0.183365 0.054078 0.091229
0 0.614164 0.195500 0.060891 0.104667
0 0.586352 0.205885 0.103547 0.128521
0 0.701703 0.199083 0.043250 0.074625
8 0.624672 0.782698 0.119844 0.217938
8 0.734258 0.784073 0.078141 0.169021
8 0.816648 0.832688 0.088828 0.175583
8 0.559180 0.593125 0.083391 0.234250
0 0.730180 0.145385 0.026828 0.038312
8 0.684688 0.730500 0.068969 0.146208
8 0.894047 0.886885 0.104688 0.198937
8 0.969648 0.919479 0.060703 0.161042
8 0.810391 0.710396 0.109094 0.215583
8 0.617227 0.660479 0.065328 0.052167
0 0.824125 0.240063 0.060125 0.169125
8 0.173359 0.354708 0.034875 0.112792
