2 0.567484 0.836382 0.082469 0.150562
2 0.923898 0.821241 0.152203 0.313208
0 0.424961 0.777588 0.124641 0.216159
0 0.681055 0.781686 0.081734 0.246089
0 0.777000 0.732600 0.049344 0.167822
0 0.945805 0.744649 0.108391 0.263302
0 0.288406 0.775047 0.064250 0.102084
0 0.327789 0.785398 0.219891 0.229157
0 0.170883 0.761850 0.268859 0.310070
0 0.049477 0.796628 0.098953 0.375269
8 0.380289 0.784227 0.017141 0.045363
8 0.461969 0.816183 0.012250 0.033677
2 0.776539 0.886792 0.292078 0.184824
2 0.213313 0.923981 0.273219 0.119344
2 0.482508 0.869379 0.100328 0.109672
2 0.171805 0.812986 0.082391 0.060304
