0 0.013164 0.780363 0.026328 0.144473
0 0.041117 0.785855 0.035266 0.146089
0 0.086078 0.780141 0.021844 0.120047
0 0.129133 0.754965 0.033109 0.126557
0 0.216273 0.751604 0.018484 0.101429
0 0.381219 0.790691 0.042562 0.163817
0 0.409664 0.763864 0.036922 0.123888
0 0.446664 0.751663 0.017141 0.093677
0 0.156305 0.773208 0.037359 0.149040
0 0.058695 0.756276 0.029266 0.107728
0 0.338273 0.762377 0.010734 0.065222
0 0.193133 0.794941 0.037047 0.163279
0 0.740109 0.764520 0.033937 0.139110
0 0.523438 0.752927 0.950000 0.274005
