1 0.658852 0.721179 0.020922 0.044057
0 0.551258 0.730932 0.047203 0.204976
0 0.485672 0.718314 0.051281 0.190165
0 0.431742 0.721356 0.047641 0.202241
0 0.561695 0.498998 0.027922 0.106863
0 0.544672 0.460896 0.023969 0.094953
0 0.589008 0.405425 0.018578 0.062877
0 0.615500 0.426439 0.018469 0.083066
0 0.588789 0.495519 0.027422 0.113255
0 0.745875 0.350012 0.009406 0.051627
1 0.588852 0.468950 0.019734 0.027665
0 0.577563 0.446073 0.019469 0.066203
0 0.731852 0.353597 0.012078 0.046769
0 0.680945 0.749245 0.069734 0.199340
3 0.852000 0.446816 0.034094 0.052594
0 0.752047 0.350708 0.006969 0.049717
0 0.731250 0.330189 0.018750 0.023585
