0 0.567875 0.492979 0.208844 0.528750
0 0.380055 0.711240 0.254484 0.541562
0 0.756734 0.792135 0.350562 0.388771
0 0.234773 0.418198 0.101234 0.500812
0 0.511211 0.223010 0.027109 0.123271
0 0.718109 0.351531 0.121219 0.246604
0 0.240172 0.715729 0.473594 0.546083
0 0.983203 0.349542 0.033594 0.254833
0 0.233617 0.617219 0.285766 0.601396
0 0.823813 0.319875 0.128062 0.336958
0 0.538156 0.731135 0.148313 0.537729
0 0.363750 0.242000 0.068312 0.130042
0 0.705625 0.967740 0.171875 0.064521
0 0.491406 0.468750 0.979688 0.650000
