0 0.219789 0.947108 0.070297 0.105785
0 0.261898 0.926534 0.047641 0.104590
0 0.611961 0.953349 0.078672 0.093302
0 0.977969 0.942881 0.044062 0.113115
0 0.915250 0.934824 0.028906 0.063372
0 0.052031 0.942190 0.065094 0.115621
0 0.886070 0.935808 0.029047 0.082014
0 0.387828 0.935843 0.019344 0.083068
0 0.719805 0.941042 0.022359 0.084754
0 0.691984 0.926674 0.024438 0.054239
0 0.183508 0.930902 0.018359 0.051405
0 0.791547 0.916838 0.017313 0.045293
0 0.868102 0.916464 0.027953 0.034098
0 0.560156 0.943794 0.801562 0.107728
