2 0.260474 0.791852 0.085032 0.132734
4 0.240274 0.185102 0.091242 0.038359
2 0.318284 0.219273 0.156779 0.117703
4 0.153705 0.754648 0.109095 0.051828
7 0.758274 0.180500 0.017305 0.031156
7 0.678695 0.168992 0.027032 0.032609
7 0.745579 0.180039 0.009768 0.024359
7 0.703053 0.173328 0.021979 0.027187
7 0.779232 0.181008 0.032863 0.030016
7 0.696474 0.166211 0.041368 0.036547
7 0.750095 0.175250 0.011811 0.040219
7 0.737874 0.175305 0.018779 0.034297
7 0.650021 0.711430 0.008547 0.028109
7 0.615579 0.708836 0.017895 0.031922
7 0.589632 0.709492 0.014716 0.029766
