0 0.277141 0.409485 0.253188 0.728078
0 0.495867 0.644073 0.416859 0.683524
0 0.919109 0.594382 0.156500 0.788764
0 0.682813 0.360126 0.097969 0.374439
0 0.749828 0.402094 0.077531 0.360481
0 0.582312 0.331465 0.154969 0.357300
0 0.895109 0.575320 0.209781 0.826888
0 0.838555 0.368535 0.197953 0.485400
9 0.058500 0.290881 0.074938 0.097551
1 0.897766 0.497597 0.187250 0.339542
1 0.801016 0.503043 0.050344 0.228513
1 0.541625 0.322574 0.034719 0.120801
1 0.867969 0.323650 0.134781 0.148398
1 0.721844 0.299371 0.014969 0.031556
1 0.702469 0.616545 0.100469 0.203661
1 0.906188 0.326568 0.042000 0.061007
