0 0.075170 0.496627 0.150340 0.986480
0 0.188190 0.179160 0.057700 0.186853
0 0.278500 0.209373 0.069400 0.293467
0 0.650570 0.209000 0.030340 0.224720
0 0.809170 0.238240 0.082300 0.339840
0 0.135950 0.157547 0.027540 0.096213
0 0.695940 0.200453 0.050680 0.173440
1 0.277620 0.846040 0.235640 0.219120
0 0.907370 0.211667 0.136660 0.277893
0 0.787300 0.104107 0.021000 0.045973
0 0.928650 0.144947 0.028740 0.066853
1 0.621830 0.568507 0.115180 0.186773
1 0.476260 0.391280 0.104840 0.194080
0 0.152610 0.152893 0.021900 0.083280
1 0.659520 0.841440 0.237720 0.312213
1 0.880660 0.233280 0.035520 0.098827
0 0.848880 0.106893 0.014920 0.036933
