0 0.463508 0.193531 0.048609 0.174437
0 0.539305 0.224073 0.126766 0.271312
0 0.178523 0.209781 0.131203 0.212021
0 0.048938 0.215458 0.081563 0.236167
0 0.353289 0.211562 0.076828 0.115500
0 0.848805 0.164563 0.066047 0.108542
0 0.710820 0.250656 0.069609 0.202937
0 0.878703 0.409885 0.242594 0.804937
0 0.433531 0.189917 0.047969 0.157208
0 0.388016 0.163937 0.052625 0.150292
0 0.851781 0.256323 0.126125 0.298854
0 0.506250 0.153854 0.045031 0.107833
1 0.889156 0.920417 0.221687 0.159167
0 0.264477 0.188135 0.043453 0.166396
0 0.390625 0.250000 0.615625 0.287500
