9 0.075734 0.710969 0.151469 0.222854
9 0.823148 0.490958 0.097016 0.090333
0 0.569695 0.646156 0.248859 0.683979
0 0.756734 0.724719 0.249437 0.523604
0 0.949156 0.615729 0.101688 0.746083
0 0.297469 0.644937 0.278094 0.665167
2 0.812906 0.584427 0.088500 0.143104
7 0.402602 0.241781 0.024453 0.049688
7 0.311219 0.217583 0.012656 0.038625
7 0.226383 0.214479 0.018547 0.032375
7 0.113758 0.300135 0.020766 0.073229
7 0.128133 0.416823 0.030516 0.070854
7 0.326727 0.222052 0.007578 0.034438
7 0.440961 0.318688 0.016266 0.053917
7 0.078734 0.420094 0.017875 0.067313
7 0.083570 0.302219 0.035766 0.069437
7 0.102000 0.412469 0.026375 0.074729
7 0.475812 0.294948 0.037312 0.014063
7 0.100594 0.416552 0.201187 0.083979
2 0.634961 0.901760 0.048453 0.191562
7 0.067820 0.303104 0.039078 0.065833
7 0.258594 0.279167 0.517188 0.183333
