0 0.289469 0.480849 0.155187 0.617123
0 0.108680 0.569658 0.056578 0.235967
0 0.164547 0.489410 0.022375 0.109670
0 0.483375 0.460684 0.037656 0.084292
0 0.752352 0.452618 0.023516 0.083255
0 0.436539 0.492123 0.081953 0.205094
0 0.553523 0.446274 0.059516 0.101745
0 0.216891 0.524858 0.084000 0.374104
0 0.366242 0.480708 0.117484 0.245047
0 0.950570 0.461887 0.010297 0.055849
0 0.519109 0.456863 0.025812 0.080519
0 0.584047 0.452559 0.043688 0.094410
0 0.616859 0.472665 0.017906 0.050142
0 0.792188 0.544811 0.175000 0.207547
