0 0.471648 0.345386 0.084391 0.269602
0 0.210492 0.374801 0.027234 0.104262
0 0.237125 0.380386 0.024875 0.103302
0 0.068602 0.378806 0.033203 0.096768
0 0.258422 0.383044 0.029281 0.101311
0 0.315008 0.383361 0.027172 0.090843
0 0.291930 0.384520 0.024766 0.105621
0 0.339016 0.389040 0.034531 0.087307
0 0.274992 0.388700 0.024453 0.088876
0 0.367492 0.382939 0.030547 0.087237
0 0.809273 0.399368 0.032359 0.140375
0 0.856047 0.389649 0.034094 0.096019
0 0.988992 0.426522 0.022016 0.092482
0 0.499219 0.447307 0.998437 0.252927
