2 0.032906 0.455396 0.064344 0.109708
0 0.613281 0.515865 0.060625 0.147312
0 0.454313 0.502594 0.117125 0.120021
0 0.383562 0.445385 0.040719 0.069313
0 0.335734 0.441260 0.036969 0.070104
0 0.355133 0.524271 0.081109 0.077917
0 0.121383 0.461177 0.090266 0.316937
0 0.293063 0.440271 0.035344 0.065625
0 0.057609 0.372156 0.033594 0.085938
0 0.873883 0.546719 0.166391 0.065021
1 0.559961 0.438542 0.023359 0.014292
1 0.172523 0.516792 0.037672 0.070667
0 0.893578 0.401198 0.018219 0.060729
0 0.814148 0.466396 0.042641 0.073750
0 0.009609 0.386104 0.018469 0.058917
5 0.907828 0.518792 0.002312 0.009792
0 0.784023 0.468115 0.055391 0.085771
0 0.547656 0.386458 0.839063 0.156250
