0 0.384234 0.755250 0.298656 0.364667
0 0.707344 0.741510 0.176469 0.358104
0 0.812688 0.672500 0.111062 0.353708
0 0.269211 0.328823 0.046297 0.097562
0 0.748305 0.443688 0.081078 0.083333
0 0.373117 0.415177 0.075047 0.115646
0 0.552523 0.310177 0.029703 0.086563
2 0.459805 0.453625 0.044234 0.055750
2 0.399281 0.122917 0.035406 0.016000
2 0.426648 0.092500 0.036578 0.017292
2 0.484320 0.060562 0.033828 0.021125
2 0.451297 0.061646 0.036000 0.019833
2 0.486297 0.087469 0.017563 0.016979
2 0.405016 0.151281 0.035219 0.021521
0 0.787273 0.186375 0.047047 0.080167
0 0.893414 0.145552 0.037891 0.071646
0 0.702187 0.375500 0.076000 0.107708
0 0.425875 0.233750 0.042688 0.085375
0 0.299141 0.276927 0.042312 0.092854
2 0.395570 0.094698 0.024578 0.021479
2 0.373820 0.119417 0.034859 0.024458
2 0.441266 0.181885 0.030125 0.035438
0 0.514086 0.332063 0.031922 0.080167
2 0.434273 0.120406 0.020203 0.020979
0 0.499219 0.253125 0.998437 0.506250
