2 0.915523 0.775235 0.069078 0.309061
2 0.912008 0.627758 0.070234 0.143216
2 0.836641 0.605775 0.034937 0.109859
2 0.860930 0.614296 0.031516 0.120047
0 0.325336 0.414613 0.306641 0.824718
0 0.157414 0.569812 0.203891 0.333333
0 0.952039 0.805141 0.095922 0.389718
0 0.607289 0.620786 0.493609 0.633685
0 0.786070 0.518357 0.072391 0.123568
0 0.084516 0.878650 0.166031 0.130352
8 0.088922 0.753380 0.055188 0.160516
8 0.031414 0.776408 0.062828 0.168545
8 0.671938 0.873685 0.087656 0.252629
2 0.983367 0.591585 0.033266 0.054437
6 0.866445 0.963580 0.024891 0.071854
8 0.734320 0.950563 0.115078 0.098873
8 0.113836 0.687653 0.038984 0.118216
