6 0.203021 0.509453 0.045125 0.111094
6 0.231615 0.535164 0.045479 0.071984
6 0.054406 0.218766 0.077063 0.120063
6 0.129406 0.566984 0.033021 0.036656
6 0.109031 0.233898 0.027062 0.076359
6 0.012719 0.233859 0.025438 0.076063
6 0.695427 0.247250 0.048854 0.045344
6 0.730687 0.228867 0.046708 0.078234
6 0.280625 0.540594 0.050167 0.059969
7 0.139167 0.378055 0.009417 0.109109
6 0.308958 0.531758 0.014792 0.054672
6 0.082687 0.200453 0.032208 0.033219
7 0.115229 0.374125 0.013917 0.116656
7 0.104823 0.383117 0.009604 0.098422
7 0.152813 0.376336 0.021000 0.112828
7 0.221979 0.367781 0.055042 0.128219
7 0.221094 0.375953 0.021562 0.113688
7 0.127917 0.376641 0.009958 0.113719
6 0.022740 0.185812 0.019896 0.039531
7 0.186313 0.376203 0.023083 0.114656
7 0.167125 0.376617 0.016833 0.117484
7 0.245594 0.387891 0.031688 0.083844
