6 0.835414 0.814677 0.084172 0.348387
2 0.123711 0.811310 0.247422 0.377379
0 0.504180 0.451694 0.144547 0.404516
0 0.853828 0.606532 0.259875 0.721532
0 0.321656 0.385302 0.128688 0.398508
0 0.132359 0.574153 0.240344 0.851694
0 0.049766 0.387359 0.057437 0.272782
8 0.414867 0.757944 0.033141 0.121532
2 0.938711 0.816250 0.122578 0.367500
2 0.559562 0.545464 0.112656 0.261008
2 0.400273 0.477802 0.049016 0.161573
2 0.019156 0.476391 0.034844 0.157298
2 0.107297 0.860181 0.167781 0.072137
2 0.199945 0.578488 0.075359 0.156008
8 0.454219 0.938831 0.050469 0.118226
8 0.632055 0.890605 0.026984 0.156694
0 0.645164 0.527278 0.167078 0.493508
8 0.279133 0.608105 0.028047 0.084274
8 0.474766 0.642621 0.025594 0.094516
8 0.344938 0.625706 0.024063 0.077218
