0 0.131875 0.766282 0.123250 0.350570
0 0.724375 0.682906 0.074625 0.199715
0 0.860844 0.689587 0.071281 0.248519
0 0.965266 0.661054 0.046156 0.178974
0 0.381539 0.675413 0.078328 0.176068
0 0.766883 0.630043 0.027672 0.127436
0 0.587102 0.758718 0.117859 0.356866
0 0.253281 0.696667 0.089344 0.197037
0 0.471961 0.642436 0.080109 0.131197
0 0.936820 0.604459 0.025359 0.079858
0 0.830703 0.604972 0.030156 0.059915
0 0.650562 0.621524 0.031125 0.093590
0 0.517938 0.604630 0.017531 0.041852
0 0.505469 0.655271 0.985938 0.296296
