0 0.455758 0.631456 0.286203 0.723589
0 0.308758 0.614605 0.147766 0.748307
0 0.104219 0.595508 0.208437 0.808984
0 0.733609 0.652009 0.184125 0.692551
0 0.843844 0.569661 0.256656 0.838194
0 0.356719 0.296433 0.051438 0.152460
0 0.563961 0.491287 0.143922 0.615711
0 0.480938 0.253070 0.098437 0.243386
0 0.647453 0.435203 0.091594 0.601738
0 0.362727 0.217065 0.067297 0.137788
0 0.246617 0.353668 0.078953 0.393160
0 0.161516 0.319955 0.057531 0.293093
0 0.141141 0.268228 0.038719 0.216411
0 0.408594 0.253950 0.817187 0.300226
