2 0.640133 0.779272 0.419766 0.421174
0 0.607289 0.510117 0.478641 0.948310
4 0.382391 0.689613 0.296000 0.338615
7 0.917430 0.568862 0.052422 0.115376
7 0.891750 0.756714 0.032219 0.097418
7 0.898594 0.557817 0.040875 0.099577
7 0.864016 0.540610 0.038219 0.102535
7 0.883453 0.742207 0.053531 0.092113
7 0.945945 0.786643 0.081359 0.118310
7 0.994602 0.693556 0.010797 0.043075
7 0.936273 0.765481 0.083391 0.125000
7 0.809133 0.809237 0.022953 0.059225
7 0.923234 0.581033 0.047188 0.117606
7 0.855242 0.828333 0.023641 0.030188
7 0.990000 0.666667 0.020000 0.087183
7 0.868070 0.716960 0.079203 0.133498
7 0.891406 0.545775 0.120313 0.190141
