9 0.111828 0.552687 0.220281 0.307167
7 0.462156 0.538937 0.009156 0.058167
7 0.389539 0.544281 0.047828 0.016563
7 0.491016 0.537667 0.010625 0.057042
7 0.403680 0.635188 0.011453 0.053667
7 0.425406 0.628927 0.008906 0.063354
7 0.388445 0.532719 0.043422 0.011062
7 0.389273 0.524375 0.044078 0.010083
7 0.471633 0.538667 0.008234 0.056417
7 0.415492 0.634656 0.010766 0.055063
7 0.388359 0.584948 0.043031 0.012021
1 0.779555 0.889604 0.282547 0.175458
6 0.717922 0.931427 0.061969 0.136813
7 0.389703 0.498896 0.048000 0.042417
7 0.517523 0.497354 0.045203 0.006208
7 0.433063 0.701063 0.007000 0.043875
7 0.418750 0.629167 0.140625 0.262500
