1 0.727922 0.410861 0.057031 0.136910
0 0.568039 0.428160 0.078234 0.386698
0 0.777633 0.449399 0.152578 0.438986
0 0.858992 0.478290 0.168109 0.465212
0 0.314125 0.517972 0.220344 0.631462
0 0.462828 0.301333 0.020000 0.079741
0 0.597430 0.275377 0.020453 0.050660
0 0.184062 0.442370 0.127188 0.224646
0 0.411055 0.398066 0.046453 0.180330
0 0.218609 0.296899 0.014563 0.070920
0 0.245344 0.315778 0.017781 0.105566
0 0.491500 0.382748 0.078000 0.167759
0 0.905781 0.284752 0.019531 0.079693
0 0.618328 0.273101 0.013500 0.053420
0 0.567969 0.293632 0.764062 0.153302
