7 0.519102 0.138633 0.013891 0.053078
7 0.450563 0.118727 0.029219 0.080891
7 0.548320 0.128836 0.013484 0.065172
7 0.495672 0.128820 0.014000 0.073766
7 0.519234 0.228945 0.017344 0.061047
7 0.466805 0.128539 0.010172 0.067891
7 0.424070 0.126047 0.034984 0.069969
7 0.487719 0.222969 0.017406 0.072844
7 0.538164 0.034367 0.042828 0.006672
7 0.441742 0.051523 0.061078 0.019672
7 0.479055 0.122492 0.018234 0.089859
7 0.506078 0.124844 0.013844 0.071813
7 0.538219 0.123219 0.016406 0.079063
7 0.505469 0.189062 0.245312 0.350000
