0 0.784547 0.369656 0.305063 0.721354
6 0.437164 0.592844 0.032422 0.191229
6 0.464016 0.602000 0.039031 0.189500
6 0.497938 0.605323 0.028094 0.196313
6 0.566578 0.643646 0.045500 0.192958
6 0.591172 0.603500 0.020656 0.137792
6 0.819602 0.635219 0.045359 0.186271
6 0.415797 0.747854 0.126750 0.134167
6 0.528758 0.618385 0.038391 0.200354
6 0.522609 0.548854 0.018031 0.096125
6 0.630477 0.597167 0.025422 0.107875
0 0.148320 0.524719 0.239328 0.316854
6 0.452922 0.759458 0.131969 0.142958
6 0.652742 0.621167 0.041203 0.149625
7 0.049375 0.915615 0.098750 0.123521
7 0.301203 0.860302 0.218250 0.146729
7 0.093266 0.964031 0.163219 0.051813
6 0.609734 0.625979 0.046750 0.140250
6 0.552344 0.515625 0.170313 0.097917
