0 0.218406 0.519052 0.424844 0.939461
0 0.865477 0.316464 0.032453 0.072131
0 0.705508 0.598536 0.205859 0.730843
0 0.931047 0.624028 0.137906 0.719110
0 0.822930 0.463735 0.077234 0.341429
0 0.400703 0.373443 0.041844 0.189227
0 0.489516 0.511230 0.142437 0.433700
0 0.438898 0.362763 0.027141 0.164122
0 0.526273 0.691183 0.215078 0.617635
0 0.331469 0.322494 0.042625 0.132951
0 0.866516 0.475422 0.057719 0.313607
0 0.076406 0.337822 0.034719 0.104684
0 0.058914 0.303899 0.017328 0.041569
0 0.173437 0.381733 0.306250 0.215457
