9 0.047227 0.563833 0.090859 0.345750
2 0.701555 0.433219 0.045734 0.033188
2 0.802641 0.435708 0.074531 0.065167
7 0.296898 0.377625 0.019109 0.079917
7 0.300594 0.144396 0.008687 0.059833
7 0.298633 0.237844 0.008203 0.068354
7 0.279953 0.372656 0.033187 0.086979
7 0.365789 0.368385 0.024266 0.066854
7 0.371102 0.362021 0.037109 0.089000
7 0.355227 0.240562 0.012359 0.064958
8 0.895891 0.431667 0.018094 0.043875
2 0.958164 0.574938 0.083672 0.149083
7 0.555813 0.632771 0.084375 0.035208
7 0.309617 0.230250 0.168734 0.087125
7 0.282250 0.144563 0.007500 0.065375
7 0.313883 0.147865 0.010703 0.061521
7 0.331539 0.148604 0.009234 0.061583
7 0.252133 0.139729 0.027172 0.068375
7 0.415625 0.411458 0.400000 0.627083
