1 0.457375 0.888667 0.042438 0.128833
0 0.572773 0.900389 0.049109 0.193722
0 0.327922 0.897042 0.046062 0.205917
0 0.165594 0.891014 0.118813 0.217972
0 0.253234 0.868431 0.085187 0.263139
0 0.049930 0.859556 0.099859 0.249444
0 0.419680 0.905694 0.036203 0.188611
0 0.386172 0.888764 0.061937 0.222472
0 0.468750 0.891083 0.061219 0.217833
0 0.520930 0.913569 0.051359 0.172861
0 0.645695 0.892639 0.019047 0.128444
0 0.498281 0.864153 0.019250 0.068972
0 0.537648 0.854528 0.022172 0.089500
1 0.578516 0.947806 0.026438 0.047833
