0 0.338125 0.600023 0.235063 0.511756
0 0.731344 0.727529 0.016625 0.053794
0 0.833820 0.700878 0.019922 0.021569
0 0.607516 0.746218 0.015344 0.024707
0 0.793523 0.689005 0.006453 0.018618
0 0.020133 0.520246 0.014016 0.034215
0 0.907898 0.627986 0.005109 0.022108
0 0.654500 0.740960 0.013781 0.020094
0 0.708297 0.713255 0.005875 0.020187
0 0.913438 0.622810 0.005500 0.017237
0 0.900625 0.632646 0.005156 0.016721
0 0.942445 0.619977 0.011109 0.015176
0 0.768781 0.727939 0.024906 0.074988
0 0.803906 0.653396 0.382812 0.201405
