2 0.147034 0.578946 0.280572 0.399722
8 0.252337 0.420016 0.038137 0.036503
8 0.192958 0.419690 0.022190 0.041013
0 0.809763 0.249804 0.073644 0.131830
0 0.752565 0.266781 0.048039 0.101046
0 0.079730 0.404477 0.159461 0.375098
0 0.838824 0.290588 0.101176 0.105882
0 0.273366 0.323962 0.029771 0.033284
0 0.452606 0.406495 0.174428 0.382631
0 0.385645 0.308235 0.027827 0.055229
0 0.531095 0.291920 0.046373 0.086683
0 0.404698 0.335310 0.033480 0.061046
0 0.255025 0.319044 0.014297 0.029199
6 0.215082 0.361585 0.017092 0.053529
2 0.168995 0.442688 0.044526 0.105833
2 0.206993 0.361985 0.062941 0.064134
0 0.207508 0.321838 0.024690 0.027663
0 0.370711 0.321242 0.018448 0.040850
2 0.498848 0.556757 0.273676 0.159788
2 0.153342 0.658456 0.306683 0.353775
2 0.271601 0.362181 0.050425 0.062500
2 0.773636 0.537933 0.175049 0.126356
2 0.303922 0.345049 0.013497 0.040327
0 0.302467 0.316699 0.010588 0.018072
6 0.288252 0.396569 0.022614 0.045621
0 0.486928 0.283497 0.797386 0.089869
