0 0.378297 0.588615 0.179812 0.711646
0 0.551961 0.484271 0.163484 0.537083
0 0.725453 0.329698 0.058781 0.182313
0 0.066836 0.480656 0.113391 0.482979
0 0.427016 0.508333 0.116281 0.605792
0 0.855289 0.249167 0.126203 0.232583
2 0.020695 0.582469 0.036734 0.172021
2 0.147750 0.544927 0.077938 0.168521
0 0.210312 0.477979 0.084594 0.520417
0 0.838484 0.397750 0.291563 0.435958
7 0.269445 0.480708 0.021078 0.043917
7 0.297344 0.522677 0.019969 0.055313
7 0.289383 0.478760 0.019109 0.013437
0 0.169734 0.347906 0.025125 0.043854
8 0.080164 0.289573 0.018953 0.022062
