0 0.786906 0.371760 0.174563 0.287354
8 0.316609 0.523448 0.059844 0.163937
0 0.890109 0.372115 0.094656 0.148521
0 0.262078 0.342698 0.079219 0.321354
8 0.175555 0.547667 0.070141 0.178000
8 0.950969 0.426365 0.029156 0.049188
8 0.980719 0.485687 0.031813 0.047625
8 0.875484 0.450865 0.033937 0.091521
9 0.175703 0.117646 0.047688 0.043042
5 0.086000 0.521750 0.097719 0.057458
0 0.508555 0.367667 0.372453 0.457417
0 0.078367 0.423594 0.156734 0.492146
0 0.093422 0.336094 0.097750 0.330271
8 0.910094 0.440969 0.030781 0.080563
2 0.263344 0.472323 0.066656 0.267313
2 0.797156 0.548687 0.206375 0.167250
2 0.410500 0.541219 0.074187 0.099896
