6 0.546230 0.364492 0.046979 0.063859
6 0.896674 0.901039 0.155831 0.181359
6 0.623618 0.570445 0.046581 0.041297
6 0.608817 0.741859 0.114262 0.074000
6 0.505773 0.848914 0.144520 0.244391
6 0.442752 0.826117 0.126581 0.233641
6 0.542178 0.476313 0.049742 0.083312
6 0.584426 0.473750 0.043513 0.083844
6 0.667670 0.468273 0.043208 0.085047
6 0.541382 0.572898 0.053489 0.082359
6 0.491838 0.474555 0.053466 0.086734
6 0.768876 0.861039 0.105105 0.090922
6 0.626792 0.470695 0.046557 0.085109
6 0.635831 0.632031 0.358314 0.623437
