0 0.562258 0.913211 0.036141 0.125016
0 0.198797 0.920156 0.095125 0.124031
0 0.825516 0.873398 0.034437 0.074828
0 0.363703 0.891875 0.064625 0.132937
0 0.469875 0.873820 0.025562 0.061234
0 0.751945 0.861070 0.014609 0.041016
0 0.537656 0.903445 0.020781 0.099172
0 0.266070 0.903859 0.052391 0.109250
0 0.852008 0.875492 0.024266 0.067266
0 0.725688 0.882023 0.019312 0.054734
0 0.137172 0.887945 0.048844 0.066391
0 0.069844 0.881359 0.025375 0.056813
0 0.671523 0.908766 0.039609 0.133344
0 0.497656 0.900781 0.970313 0.179688
