0 0.873773 0.500398 0.022234 0.099831
0 0.841898 0.494819 0.026859 0.114120
3 0.031195 0.562193 0.056828 0.068145
3 0.927508 0.527663 0.102609 0.027711
0 0.740266 0.597422 0.117969 0.486120
3 0.330500 0.711590 0.079594 0.094361
0 0.051508 0.736723 0.078078 0.316578
0 0.003633 0.542639 0.007266 0.061952
0 0.711516 0.474988 0.020625 0.037880
0 0.692227 0.503301 0.018984 0.081783
0 0.713352 0.534590 0.037734 0.109422
3 0.863570 0.641169 0.135609 0.103831
0 0.683172 0.499398 0.009125 0.078843
3 0.695898 0.522843 0.030766 0.006361
0 0.122141 0.678470 0.057781 0.253614
