0 0.613961 0.600000 0.184422 0.539344
0 0.140820 0.406241 0.104203 0.281569
0 0.211625 0.321042 0.074750 0.279696
0 0.362531 0.236464 0.064875 0.164496
0 0.428805 0.513478 0.104953 0.555059
0 0.932867 0.515105 0.096234 0.578033
0 0.572477 0.337670 0.094922 0.218665
0 0.456797 0.324426 0.024531 0.118735
0 0.315961 0.394707 0.066859 0.301499
0 0.398766 0.227553 0.057500 0.100304
0 0.495461 0.383115 0.071109 0.216112
0 0.683164 0.498817 0.127109 0.573419
0 0.369602 0.536148 0.110891 0.514122
0 0.865625 0.560890 0.265625 0.629977
