0 0.364367 0.521864 0.122547 0.135387
0 0.074289 0.514795 0.148578 0.452907
0 0.753797 0.374818 0.024969 0.056809
0 0.536031 0.463381 0.101594 0.329637
0 0.301281 0.489526 0.085719 0.118357
0 0.493102 0.359242 0.046109 0.072480
0 0.155633 0.447409 0.072266 0.124487
0 0.638484 0.498096 0.066000 0.105861
0 0.263484 0.313365 0.013938 0.013081
0 0.459039 0.345111 0.053672 0.046367
0 0.490320 0.597299 0.115391 0.176524
0 0.262484 0.472717 0.053469 0.071469
0 0.009930 0.333420 0.017891 0.054265
0 0.848437 0.568720 0.234375 0.429700
