6 0.662125 0.703656 0.032750 0.160854
6 0.439875 0.530375 0.039938 0.181667
6 0.410828 0.507667 0.028750 0.121542
6 0.605266 0.628333 0.046500 0.228750
0 0.273484 0.777625 0.516781 0.413875
0 0.089000 0.619010 0.174969 0.487938
0 0.152414 0.393042 0.120734 0.278292
0 0.361688 0.332948 0.268500 0.291313
0 0.513680 0.389563 0.144766 0.256250
0 0.659313 0.402323 0.164781 0.304437
0 0.750852 0.571677 0.437203 0.856646
8 0.451250 0.661583 0.032156 0.064667
8 0.554586 0.768854 0.036734 0.076333
0 0.258570 0.522365 0.169266 0.159062
6 0.527133 0.505646 0.028422 0.064458
6 0.711313 0.754031 0.045875 0.147687
8 0.382117 0.607906 0.030422 0.056813
8 0.682727 0.668375 0.023297 0.037042
2 0.923008 0.973292 0.152172 0.053417
6 0.567250 0.674615 0.041406 0.208104
8 0.702344 0.635833 0.032125 0.065250
