6 0.839586 0.503677 0.116703 0.380354
6 0.771047 0.408615 0.076594 0.278729
2 0.341758 0.216167 0.182859 0.267250
2 0.101672 0.095000 0.085094 0.160167
2 0.566109 0.123333 0.123656 0.057833
2 0.150844 0.084083 0.052969 0.155917
0 0.544383 0.204927 0.246078 0.388771
2 0.178367 0.078250 0.042109 0.143917
8 0.323219 0.538865 0.083844 0.213229
8 0.377805 0.360052 0.047266 0.068146
8 0.396117 0.383010 0.041359 0.104021
8 0.666094 0.671688 0.074594 0.157708
8 0.380016 0.499635 0.030187 0.072896
2 0.207766 0.072521 0.042938 0.134042
0 0.643727 0.063542 0.059016 0.127083
2 0.037750 0.116990 0.075500 0.215063
2 0.078805 0.132365 0.069734 0.128562
2 0.410898 0.091563 0.112891 0.074375
2 0.377758 0.147010 0.141609 0.145854
8 0.401805 0.516240 0.033141 0.077896
2 0.403117 0.052792 0.030297 0.037708
2 0.112039 0.037865 0.031484 0.051854
