0 0.437734 0.499198 0.003750 0.010479
0 0.494727 0.468042 0.004453 0.009958
0 0.359031 0.485781 0.006156 0.013271
0 0.919891 0.602667 0.010219 0.011500
0 0.277672 0.501917 0.004406 0.017250
0 0.172625 0.517625 0.005281 0.018583
0 0.763156 0.476594 0.001781 0.009021
0 0.654414 0.483635 0.003203 0.020854
0 0.609453 0.488896 0.003656 0.012542
0 0.583320 0.482313 0.002672 0.008958
0 0.551359 0.466313 0.004094 0.009375
0 0.455742 0.484823 0.004109 0.010604
0 0.226820 0.501917 0.003828 0.009750
0 0.499219 0.326042 0.998437 0.639583
