6 0.303141 0.535469 0.036187 0.157479
6 0.276203 0.539396 0.027875 0.136833
6 0.707133 0.543729 0.023672 0.055708
6 0.687727 0.539479 0.019859 0.063958
2 0.234219 0.625021 0.107031 0.305833
2 0.021102 0.610000 0.042203 0.133167
2 0.104617 0.824031 0.202797 0.214604
2 0.697352 0.697083 0.115016 0.198708
0 0.083891 0.552948 0.167781 0.404938
8 0.173328 0.601531 0.045062 0.079312
8 0.243906 0.555708 0.033813 0.066917
8 0.478641 0.297365 0.023625 0.025313
8 0.477672 0.268813 0.021844 0.023667
0 0.530055 0.470781 0.139891 0.447188
0 0.379164 0.462344 0.084141 0.211646
0 0.752977 0.617615 0.083547 0.396896
0 0.343289 0.485490 0.078328 0.162187
