0 0.329844 0.475222 0.211875 0.394145
0 0.169422 0.661792 0.332844 0.649438
0 0.913805 0.812354 0.172391 0.343817
0 0.712914 0.439333 0.232391 0.662927
0 0.852352 0.631452 0.244391 0.606745
0 0.547461 0.474309 0.120609 0.295129
6 0.389930 0.608244 0.029422 0.164169
6 0.582125 0.959145 0.240187 0.081710
8 0.337969 0.791288 0.054344 0.147541
8 0.417945 0.657049 0.045953 0.096534
8 0.566430 0.599461 0.031953 0.046604
2 0.090266 0.389895 0.048969 0.146768
2 0.242977 0.341663 0.048297 0.134895
2 0.213391 0.368653 0.036250 0.132576
2 0.645312 0.577564 0.022719 0.083794
0 0.046672 0.890679 0.093344 0.218642
6 0.583953 0.603279 0.015531 0.044075
