0 0.922270 0.655706 0.125140 0.586126
0 0.784860 0.615045 0.070360 0.285646
0 0.722340 0.444865 0.017360 0.071471
0 0.357900 0.742763 0.077080 0.128348
0 0.682080 0.437628 0.010960 0.046246
0 0.614760 0.469820 0.018920 0.074535
0 0.343790 0.603348 0.028180 0.114565
0 0.305190 0.574550 0.016900 0.060871
0 0.095620 0.636396 0.039840 0.066006
0 0.107120 0.580315 0.019320 0.063574
0 0.163000 0.574625 0.020560 0.069489
0 0.220500 0.575195 0.029400 0.061982
0 0.755850 0.469760 0.024620 0.095856
0 0.505000 0.621622 0.986000 0.498498
