0 0.241070 0.499719 0.167797 0.347896
0 0.431453 0.468542 0.124719 0.253917
0 0.638578 0.356198 0.052812 0.213229
0 0.682172 0.331167 0.054406 0.205875
0 0.842664 0.307427 0.044328 0.174104
0 0.737023 0.312583 0.026797 0.210875
0 0.230563 0.864198 0.250000 0.271604
0 0.536844 0.375771 0.056375 0.165208
0 0.050930 0.524687 0.098141 0.135792
0 0.794828 0.301740 0.037844 0.202271
0 0.903070 0.505490 0.193859 0.253937
0 0.450875 0.075385 0.026812 0.048937
0 0.480602 0.069479 0.011953 0.018458
0 0.499219 0.505208 0.998437 0.985417
