0 0.707672 0.736565 0.122375 0.526869
0 0.883656 0.274159 0.186344 0.355047
0 0.274266 0.498879 0.253969 0.876402
0 0.052594 0.502243 0.102188 0.995514
0 0.945273 0.564474 0.108203 0.838201
0 0.722813 0.174650 0.017344 0.032757
0 0.705758 0.178668 0.011766 0.023364
0 0.978023 0.113984 0.043953 0.095631
0 0.650906 0.170970 0.009750 0.032500
2 0.780945 0.415117 0.099703 0.126495
0 0.581375 0.167512 0.037594 0.035350
0 0.557242 0.173037 0.014578 0.031729
0 0.799438 0.178294 0.013625 0.033364
0 0.646094 0.169393 0.426563 0.081776
