3 0.783914 0.851224 0.284922 0.297552
3 0.300773 0.649820 0.070422 0.086495
3 0.246695 0.642036 0.047078 0.075361
3 0.429273 0.731430 0.166641 0.175077
0 0.766992 0.694111 0.071828 0.128737
0 0.730844 0.696198 0.036906 0.092294
0 0.167187 0.679575 0.063813 0.326160
0 0.524422 0.629201 0.035563 0.066856
0 0.901523 0.678286 0.041266 0.210851
0 0.871562 0.665928 0.038250 0.151031
0 0.723516 0.551843 0.035344 0.094149
0 0.465781 0.605928 0.022094 0.097732
0 0.566648 0.545374 0.023328 0.058376
0 0.561727 0.718918 0.066609 0.198299
0 0.585258 0.541637 0.017328 0.044149
0 0.698656 0.683750 0.045500 0.105180
0 0.133180 0.609497 0.028484 0.119356
0 0.488281 0.752577 0.976562 0.489691
