6 0.724250 0.087234 0.018740 0.070638
6 0.686130 0.087376 0.020940 0.072955
6 0.644380 0.096702 0.018000 0.059409
6 0.604520 0.088050 0.020360 0.075059
6 0.565690 0.081927 0.022820 0.073073
6 0.779530 0.093676 0.016500 0.053215
6 0.831900 0.075236 0.018960 0.070898
6 0.739570 0.084645 0.012740 0.078983
6 0.796880 0.096170 0.017320 0.050875
6 0.815600 0.094043 0.020760 0.051962
6 0.762900 0.096383 0.015880 0.054846
6 0.705770 0.086170 0.017580 0.071300
0 0.542770 0.330331 0.473380 0.638203
6 0.626770 0.082045 0.021660 0.086028
9 0.240040 0.132057 0.129280 0.135272
6 0.584000 0.236407 0.660000 0.472813
