1 0.479719 0.516803 0.047031 0.087705
1 0.537578 0.628794 0.031531 0.080023
1 0.486906 0.594297 0.024594 0.089813
0 0.655305 0.286511 0.037578 0.159859
0 0.553461 0.655047 0.069078 0.181803
0 0.617672 0.334438 0.023781 0.099133
0 0.760961 0.447658 0.060953 0.178126
0 0.767555 0.472342 0.052141 0.111522
0 0.159672 0.914602 0.076469 0.143817
0 0.689930 0.627553 0.067047 0.204473
0 0.491984 0.522681 0.052531 0.140023
0 0.405125 0.418525 0.049406 0.194567
1 0.782984 0.418724 0.012750 0.052248
9 0.252859 0.182084 0.126344 0.125012
9 0.762695 0.062752 0.067984 0.097494
0 0.369219 0.311663 0.039062 0.069602
1 0.632391 0.858407 0.036656 0.078407
1 0.443695 0.497365 0.038859 0.083208
1 0.087023 0.290199 0.017266 0.044941
0 0.352336 0.291991 0.033828 0.119344
0 0.699953 0.318970 0.021656 0.151616
0 0.533477 0.209473 0.018297 0.152529
0 0.432812 0.571429 0.696875 0.791569
