2 0.093350 0.351827 0.090140 0.124453
0 0.444100 0.684280 0.254480 0.608987
7 0.942130 0.133067 0.008980 0.049707
7 0.961610 0.070227 0.011220 0.047973
1 0.165390 0.429240 0.065380 0.149413
7 0.959110 0.267840 0.023580 0.051947
7 0.704550 0.817933 0.106060 0.078267
7 0.972250 0.202893 0.013700 0.046053
7 0.341600 0.790827 0.070880 0.119360
7 0.346050 0.526747 0.124660 0.042773
7 0.968720 0.134600 0.008320 0.047867
7 0.930650 0.267427 0.012460 0.054640
6 0.452310 0.077320 0.031300 0.105040
6 0.111350 0.449573 0.032780 0.086667
7 0.951390 0.201453 0.062260 0.056080
7 0.990960 0.271933 0.018080 0.049573
