2 0.350898 0.758429 0.051516 0.159545
2 0.032383 0.842125 0.064766 0.315751
0 0.541328 0.343468 0.316969 0.443696
0 0.793289 0.569664 0.314484 0.532569
0 0.200828 0.460178 0.358469 0.696206
0 0.497609 0.611848 0.289531 0.464051
8 0.586492 0.800326 0.072297 0.061166
2 0.955453 0.534002 0.089094 0.060968
5 0.817430 0.821937 0.040891 0.027036
0 0.112250 0.202470 0.146406 0.400000
0 0.173742 0.708636 0.304547 0.553083
8 0.293797 0.956660 0.088094 0.086680
8 0.463625 0.931235 0.061313 0.137530
8 0.962172 0.865899 0.028219 0.054091
8 0.649227 0.856729 0.057203 0.138399
2 0.982016 0.729140 0.035969 0.256107
8 0.991453 0.599022 0.017094 0.038439
8 0.591859 0.945030 0.077000 0.109941
