1 0.719680 0.613034 0.019703 0.084349
1 0.664367 0.571862 0.021234 0.071901
1 0.676070 0.644375 0.030141 0.056198
0 0.862031 0.662357 0.065687 0.317839
0 0.652789 0.616042 0.028484 0.193698
0 0.616859 0.620221 0.047188 0.233724
0 0.762523 0.584102 0.025297 0.128151
0 0.738609 0.545977 0.020313 0.071484
0 0.781969 0.594766 0.023969 0.146719
0 0.846266 0.620312 0.043312 0.254948
0 0.697859 0.617044 0.047469 0.199297
0 0.576867 0.596680 0.039297 0.193724
0 0.952078 0.596419 0.028094 0.159870
0 0.644813 0.615872 0.042625 0.225859
0 0.807750 0.545560 0.023094 0.071068
0 0.820133 0.585078 0.019391 0.133906
0 0.764844 0.636719 0.467187 0.372396
