2 0.794188 0.334145 0.192906 0.278501
0 0.496102 0.612061 0.137359 0.554520
0 0.411633 0.112728 0.051641 0.099930
0 0.624922 0.092307 0.107281 0.182365
0 0.525117 0.093923 0.091391 0.177354
0 0.337344 0.089883 0.134937 0.179766
0 0.797133 0.246218 0.124891 0.278290
0 0.866313 0.110375 0.062062 0.107447
0 0.758641 0.097752 0.071969 0.155035
0 0.430703 0.079157 0.099531 0.150023
0 0.859844 0.082775 0.127438 0.161803
2 0.693164 0.141030 0.044141 0.059672
0 0.292242 0.089578 0.068172 0.173302
0 0.032680 0.080890 0.065297 0.155176
3 0.152156 0.123782 0.139531 0.083489
0 0.975867 0.104778 0.043797 0.155878
2 0.314047 0.142213 0.105719 0.072482
2 0.240180 0.078009 0.058766 0.156019
