0 0.591000 0.242383 0.137313 0.477582
0 0.290211 0.518521 0.225734 0.856103
0 0.152070 0.556585 0.301766 0.508239
0 0.088258 0.180892 0.104703 0.352817
8 0.400547 0.554014 0.028437 0.067840
8 0.457070 0.543603 0.031422 0.059507
8 0.370875 0.557359 0.029687 0.064343
8 0.327609 0.542277 0.031094 0.080516
8 0.348234 0.550845 0.034563 0.082160
0 0.110469 0.844718 0.220938 0.310563
8 0.485430 0.538685 0.029141 0.057887
8 0.429117 0.552347 0.029797 0.054131
0 0.483266 0.207817 0.122250 0.414085
0 0.121641 0.944413 0.123719 0.111174
