9 0.422170 0.716493 0.420620 0.529893
6 0.180360 0.827720 0.093120 0.308133
7 0.722360 0.389267 0.011600 0.126267
7 0.854430 0.394213 0.096020 0.168427
7 0.670570 0.392760 0.012460 0.128667
7 0.680450 0.392720 0.010220 0.130347
7 0.692280 0.395107 0.012840 0.126000
7 0.693970 0.759547 0.058700 0.152000
7 0.703290 0.390120 0.017580 0.130427
7 0.735170 0.391760 0.144100 0.130560
7 0.703650 0.946067 0.244380 0.085413
7 0.229940 0.248627 0.109520 0.014053
7 0.228080 0.260147 0.111120 0.014053
7 0.230990 0.273973 0.107460 0.012640
7 0.231520 0.286933 0.107440 0.013867
6 0.438920 0.215467 0.054360 0.176373
7 0.731000 0.846667 0.190000 0.301333
