0 0.777125 0.628458 0.445750 0.743083
0 0.249437 0.419104 0.195500 0.474167
6 0.252883 0.060490 0.019578 0.112104
6 0.626961 0.057583 0.022141 0.111500
6 0.654461 0.057073 0.023703 0.114146
6 0.449875 0.057521 0.020281 0.114208
6 0.544695 0.057187 0.025672 0.114375
6 0.233375 0.061510 0.019750 0.110979
6 0.272797 0.059906 0.020219 0.114479
6 0.290898 0.061063 0.021109 0.107708
6 0.351008 0.060490 0.020828 0.109729
6 0.375961 0.057562 0.022516 0.115125
6 0.401023 0.057917 0.023734 0.115750
6 0.472016 0.060354 0.022125 0.110208
7 0.133828 0.812698 0.267656 0.140146
6 0.421742 0.057792 0.021484 0.115583
6 0.525781 0.165625 0.945312 0.327083
