0 0.560289 0.568645 0.279766 0.841168
0 0.352836 0.304661 0.036484 0.141893
0 0.302234 0.433692 0.108563 0.447991
0 0.233023 0.398762 0.117047 0.384206
0 0.151156 0.366332 0.060000 0.225047
0 0.906945 0.465175 0.169828 0.710117
0 0.455266 0.251659 0.023938 0.045047
0 0.765391 0.352091 0.076844 0.214977
0 0.453172 0.486472 0.147906 0.585888
0 0.222687 0.349860 0.023969 0.220421
0 0.200516 0.323096 0.026812 0.168995
0 0.072992 0.270093 0.039172 0.075280
0 0.665789 0.413388 0.175266 0.529159
1 0.586063 0.529731 0.103062 0.091285
0 0.441406 0.375000 0.882812 0.348131
