0 0.841797 0.883575 0.082844 0.226916
0 0.952219 0.866706 0.080187 0.265841
0 0.888555 0.963446 0.035891 0.072967
0 0.096641 0.884463 0.052375 0.185421
0 0.345000 0.851250 0.015719 0.062827
0 0.164914 0.855584 0.013359 0.049252
0 0.231242 0.860993 0.029328 0.080070
0 0.414461 0.840058 0.016141 0.069042
0 0.197234 0.854801 0.018500 0.076425
0 0.014937 0.890783 0.026875 0.183294
0 0.283219 0.847348 0.015375 0.070678
0 0.582500 0.844287 0.014656 0.051846
0 0.304695 0.856530 0.011953 0.054556
0 0.510156 0.755841 0.976562 0.282710
