0 0.581920 0.623867 0.170600 0.725227
0 0.319380 0.650560 0.214040 0.676427
0 0.805570 0.557347 0.144060 0.497840
0 0.659580 0.398333 0.038800 0.075227
7 0.163470 0.504813 0.016620 0.058320
7 0.173330 0.421653 0.016860 0.048480
7 0.188280 0.499253 0.019560 0.058507
7 0.192270 0.639373 0.014660 0.060133
7 0.151460 0.424040 0.024040 0.059493
7 0.248050 0.417907 0.022460 0.050000
7 0.266170 0.415373 0.017420 0.040880
7 0.153740 0.503907 0.020760 0.060880
7 0.230710 0.418227 0.017860 0.048933
7 0.198290 0.635573 0.053460 0.075840
7 0.171520 0.503293 0.016280 0.054800
7 0.408010 0.439800 0.034180 0.020347
0 0.952270 0.420467 0.020660 0.055120
7 0.385680 0.418173 0.014840 0.014587
7 0.397000 0.484000 0.734000 0.322667
