0 0.831953 0.371630 0.015688 0.042923
0 0.871586 0.401377 0.015578 0.081208
0 0.766375 0.396860 0.023875 0.095652
0 0.745227 0.397452 0.017141 0.091667
0 0.967523 0.385362 0.021766 0.091111
0 0.945578 0.392029 0.047938 0.092319
0 0.833703 0.416039 0.010719 0.050097
0 0.855312 0.399432 0.026188 0.084179
0 0.225687 0.438019 0.016625 0.020918
0 0.822953 0.399541 0.014063 0.092995
0 0.843609 0.405036 0.009875 0.093551
0 0.167063 0.384541 0.022219 0.052850
0 0.984305 0.395966 0.016234 0.043285
0 0.531250 0.327295 0.934375 0.190821
