0 0.601375 0.635726 0.091094 0.404469
0 0.518797 0.638212 0.082000 0.402514
0 0.104508 0.642737 0.100922 0.444860
0 0.192844 0.639791 0.091219 0.412151
0 0.351109 0.639818 0.078969 0.400978
0 0.166773 0.433338 0.076391 0.187346
0 0.683992 0.643883 0.071203 0.393128
0 0.759398 0.622668 0.094234 0.414162
0 0.436602 0.632332 0.078234 0.401034
0 0.270469 0.642947 0.088188 0.395279
0 0.851008 0.634832 0.098047 0.420223
0 0.922656 0.635964 0.093031 0.395503
2 0.099344 0.763785 0.078781 0.130475
2 0.185828 0.766341 0.075719 0.136760
2 0.521664 0.761802 0.072922 0.148296
2 0.600305 0.731271 0.083828 0.199860
2 0.682484 0.698212 0.084969 0.253184
2 0.437305 0.760433 0.072484 0.139469
2 0.768234 0.765656 0.072969 0.136397
2 0.844789 0.740265 0.085203 0.167793
2 0.929664 0.758031 0.082234 0.144888
2 0.317219 0.762668 0.010219 0.138911
2 0.365234 0.759902 0.049812 0.128631
2 0.270633 0.762598 0.073672 0.139274
2 0.930664 0.699930 0.016953 0.021536
2 0.581250 0.642458 0.403125 0.162011
