5 0.776789 0.741167 0.109984 0.048875
5 0.790180 0.785052 0.103141 0.051937
2 0.945273 0.576635 0.108047 0.542146
2 0.109289 0.927188 0.218578 0.144750
2 0.035164 0.266333 0.070328 0.084125
2 0.216922 0.191115 0.026750 0.041854
2 0.246086 0.238062 0.035797 0.155792
2 0.277500 0.195917 0.039469 0.094958
2 0.327055 0.152208 0.039516 0.043833
0 0.176523 0.625000 0.353047 0.745500
0 0.228703 0.413677 0.215250 0.508979
0 0.872242 0.441417 0.255516 0.672958
0 0.687727 0.243302 0.081109 0.202187
8 0.398813 0.546281 0.047438 0.074854
8 0.472727 0.400885 0.036859 0.050438
0 0.491430 0.077167 0.067641 0.112458
0 0.577070 0.129458 0.060234 0.074042
0 0.583883 0.121250 0.042984 0.089000
0 0.180648 0.135531 0.092328 0.093063
6 0.259336 0.124698 0.011359 0.030687
8 0.457000 0.457854 0.037687 0.060875
8 0.654219 0.680094 0.062313 0.095271
8 0.656633 0.474521 0.040984 0.048083
8 0.710039 0.414062 0.035109 0.049917
8 0.523539 0.335104 0.028109 0.042583
8 0.108469 0.165625 0.014938 0.009750
8 0.665289 0.333292 0.030859 0.029042
5 0.129406 0.452969 0.033844 0.088979
0 0.351805 0.352781 0.183328 0.397479
2 0.950484 0.919010 0.099031 0.158437
2 0.100000 0.238302 0.060406 0.078479
0 0.770820 0.315396 0.125172 0.283708
0 0.289703 0.113146 0.054250 0.086542
0 0.080164 0.121427 0.055922 0.106062
0 0.390617 0.242760 0.138953 0.263271
