6 0.601938 0.131392 0.012313 0.061085
6 0.589477 0.133349 0.009016 0.050755
6 0.614805 0.125767 0.011453 0.047335
6 0.573336 0.137901 0.013703 0.057123
6 0.645711 0.114717 0.017391 0.049198
6 0.503266 0.172182 0.011437 0.050590
6 0.497625 0.404917 0.007594 0.056203
6 0.529359 0.169127 0.013500 0.033962
6 0.629945 0.107193 0.016734 0.066604
6 0.527094 0.390106 0.004250 0.024222
6 0.504578 0.396875 0.008156 0.030684
6 0.474648 0.180991 0.012672 0.048208
8 0.456953 0.186462 0.011500 0.031604
6 0.582812 0.142689 0.018750 0.063679
