0 0.271898 0.548305 0.067141 0.238201
0 0.275266 0.414278 0.085375 0.141318
0 0.186656 0.448755 0.056094 0.190900
0 0.120898 0.315565 0.027578 0.090753
0 0.702703 0.565868 0.055656 0.225126
0 0.316219 0.326841 0.039813 0.100084
0 0.702141 0.566328 0.049438 0.228515
0 0.548289 0.572939 0.077328 0.303536
0 0.473672 0.350356 0.024844 0.121967
0 0.871070 0.468536 0.067141 0.321339
0 0.416031 0.338473 0.014469 0.087155
0 0.443672 0.360105 0.013156 0.054100
0 0.435805 0.364759 0.012953 0.054707
0 0.752344 0.449791 0.064062 0.221757
