9 0.735914 0.394016 0.164328 0.192529
2 0.555875 0.582623 0.131156 0.206089
0 0.790328 0.607400 0.212281 0.320281
0 0.246383 0.534684 0.266359 0.243372
7 0.669203 0.490550 0.047031 0.022646
7 0.670687 0.507412 0.049938 0.038478
7 0.636867 0.561639 0.008266 0.043138
1 0.199234 0.949906 0.110219 0.099672
6 0.302719 0.462623 0.015688 0.041733
2 0.883828 0.718419 0.232344 0.374169
7 0.631953 0.557354 0.008719 0.048103
7 0.684281 0.719180 0.041406 0.033677
6 0.463305 0.509883 0.017297 0.057845
8 0.308422 0.491768 0.019250 0.046956
