0 0.730297 0.464052 0.144656 0.456185
8 0.290453 0.231129 0.027750 0.072370
8 0.210766 0.223567 0.023375 0.066637
8 0.154531 0.219266 0.026937 0.064041
8 0.243812 0.147359 0.024063 0.061445
8 0.300297 0.153555 0.033875 0.064944
8 0.263516 0.307935 0.019312 0.052212
8 0.237937 0.228002 0.021625 0.059436
8 0.216406 0.142607 0.026875 0.059345
8 0.065141 0.218081 0.036281 0.055079
8 0.150867 0.136704 0.019609 0.061174
8 0.183727 0.222675 0.026547 0.064492
6 0.125812 0.045282 0.034781 0.075982
6 0.179781 0.050734 0.035563 0.072077
6 0.218773 0.055677 0.038047 0.076591
6 0.038016 0.301117 0.017844 0.046388
8 0.315727 0.236433 0.022172 0.060677
6 0.337859 0.065508 0.032469 0.077562
8 0.206852 0.302122 0.019203 0.058555
8 0.371094 0.173815 0.717187 0.347630
