0 0.282027 0.338990 0.070133 0.070820
0 0.749187 0.318190 0.073147 0.085180
0 0.148320 0.413490 0.278667 0.507860
0 0.646853 0.355890 0.189920 0.186020
0 0.528960 0.355900 0.102347 0.136720
0 0.469507 0.361100 0.087387 0.110520
0 0.800227 0.296190 0.105680 0.152420
0 0.356667 0.449350 0.168000 0.312340
6 0.435480 0.758860 0.073413 0.043160
6 0.891267 0.748110 0.064827 0.068980
6 0.827280 0.749850 0.056693 0.066380
6 0.709680 0.743910 0.061653 0.066740
6 0.767000 0.744940 0.055813 0.064520
6 0.217307 0.746360 0.108213 0.067800
6 0.512880 0.772400 0.032800 0.014440
6 0.518507 0.759390 0.077920 0.037980
0 0.888507 0.511940 0.188320 0.375160
6 0.534813 0.747860 0.082800 0.067040
