0 0.398945 0.229657 0.173641 0.343818
0 0.884852 0.585727 0.093328 0.279952
0 0.964781 0.626334 0.061625 0.223211
0 0.788352 0.613442 0.051766 0.180687
0 0.131719 0.578474 0.069375 0.183498
0 0.171164 0.592204 0.033672 0.179776
5 0.717430 0.528634 0.006266 0.005351
5 0.899281 0.537292 0.009813 0.011965
0 0.865766 0.578506 0.037719 0.242220
0 0.403336 0.666885 0.072703 0.117380
0 0.328039 0.642891 0.042766 0.085783
0 0.095852 0.577396 0.028172 0.161118
0 0.928695 0.581198 0.042766 0.215847
0 0.627867 0.605695 0.071234 0.286693
0 0.734336 0.588978 0.083172 0.218562
