0 0.293859 0.477529 0.134937 0.262927
0 0.477055 0.407084 0.053141 0.082084
0 0.909336 0.401593 0.040328 0.202717
0 0.676430 0.477002 0.092203 0.407119
0 0.829117 0.483150 0.104953 0.557307
0 0.743672 0.447237 0.086719 0.302576
0 0.786609 0.376920 0.025312 0.164098
0 0.797687 0.393595 0.035625 0.181429
0 0.389305 0.469204 0.097984 0.237283
0 0.257609 0.339344 0.030625 0.091803
0 0.235602 0.334028 0.033391 0.110632
0 0.370055 0.326218 0.047797 0.096511
0 0.578422 0.371194 0.082437 0.262389
0 0.450781 0.341920 0.898438 0.140515
