0 0.737344 0.620615 0.061500 0.235229
0 0.671414 0.619812 0.072359 0.244875
0 0.060883 0.695448 0.119578 0.608021
0 0.917281 0.556469 0.029500 0.108729
0 0.456422 0.588396 0.075969 0.174875
0 0.345344 0.533740 0.032250 0.051896
0 0.864789 0.553750 0.027047 0.122417
0 0.811617 0.564063 0.042016 0.156458
0 0.604875 0.583385 0.027531 0.150021
0 0.199937 0.503250 0.012063 0.017583
0 0.709953 0.599646 0.032500 0.202667
0 0.280500 0.521563 0.012344 0.019417
0 0.695750 0.526188 0.016875 0.037917
0 0.523438 0.554167 0.793750 0.154167
