0 0.293359 0.637052 0.267625 0.420479
0 0.651766 0.693344 0.221344 0.283854
0 0.803094 0.678656 0.193812 0.350562
0 0.872523 0.277896 0.101828 0.428583
0 0.675938 0.294510 0.073563 0.085187
0 0.936133 0.305604 0.058734 0.133208
0 0.978836 0.346500 0.042047 0.070333
0 0.496523 0.098563 0.131641 0.197125
0 0.128492 0.180479 0.059797 0.167958
0 0.406898 0.136594 0.112703 0.269854
8 0.097852 0.208677 0.011984 0.025396
2 0.813141 0.321344 0.074031 0.068729
0 0.754867 0.307354 0.086797 0.091167
8 0.450141 0.364573 0.016469 0.042271
0 0.027352 0.135354 0.054703 0.166083
