0 0.218396 0.680883 0.254667 0.562078
0 0.924687 0.599578 0.150625 0.406500
0 0.061562 0.681305 0.123125 0.378391
0 0.164500 0.442680 0.113833 0.244203
0 0.345729 0.365352 0.088375 0.073391
0 0.450125 0.403000 0.134542 0.150719
0 0.671531 0.416211 0.113438 0.162141
0 0.844188 0.507523 0.107958 0.115203
0 0.324448 0.466836 0.092854 0.206609
0 0.239135 0.346758 0.049354 0.095578
0 0.786073 0.383937 0.069271 0.113375
0 0.605281 0.363938 0.038771 0.085125
0 0.040917 0.422852 0.081833 0.213078
0 0.496875 0.406250 0.768750 0.228125
