0 0.944266 0.605156 0.039688 0.151021
0 0.258711 0.320677 0.037328 0.085812
0 0.143656 0.634115 0.070531 0.175854
0 0.908391 0.252010 0.028625 0.118438
0 0.443961 0.146906 0.042891 0.076396
0 0.963898 0.586313 0.026078 0.139083
0 0.805492 0.084281 0.020516 0.083437
0 0.078375 0.130698 0.015969 0.020813
0 0.184336 0.043417 0.030797 0.039042
0 0.373305 0.117969 0.036297 0.050979
0 0.158883 0.116646 0.028203 0.037625
2 0.441719 0.175521 0.015750 0.016500
0 0.023797 0.150563 0.025156 0.084208
0 0.484375 0.162500 0.968750 0.325000
