9 0.881579 0.211681 0.236842 0.333746
2 0.456077 0.695708 0.626124 0.578496
0 0.530694 0.621018 0.604163 0.731534
7 0.104115 0.564853 0.051914 0.159794
7 0.065861 0.421549 0.032584 0.129823
7 0.057416 0.222625 0.082010 0.148319
7 0.083349 0.581239 0.042057 0.150619
7 0.115371 0.558201 0.043278 0.157168
7 0.130239 0.540339 0.046555 0.136077
7 0.153110 0.538746 0.046651 0.134956
7 0.062201 0.594425 0.042775 0.155339
7 0.033385 0.067021 0.044330 0.130855
7 0.040550 0.601165 0.051100 0.157552
7 0.065490 0.331976 0.056722 0.041298
7 0.064522 0.058835 0.039282 0.117670
7 0.084964 0.059277 0.024809 0.118496
7 0.095694 0.348083 0.186603 0.696165
