0 0.707719 0.802885 0.073625 0.171271
0 0.437992 0.753094 0.045016 0.111646
0 0.521055 0.869500 0.083453 0.151667
0 0.470188 0.669240 0.014625 0.033063
0 0.420734 0.659708 0.020719 0.038542
0 0.615547 0.851167 0.115187 0.227167
0 0.773133 0.866271 0.117453 0.267458
0 0.570391 0.772646 0.073563 0.125833
1 0.791141 0.857698 0.065656 0.146521
0 0.939930 0.864260 0.114297 0.271479
0 0.381227 0.689958 0.028234 0.040708
0 0.462484 0.738302 0.031500 0.061062
1 0.630516 0.874958 0.069094 0.157542
0 0.818828 0.799229 0.054312 0.164417
0 0.503227 0.787406 0.079078 0.169521
0 0.475000 0.684375 0.918750 0.177083
