2 0.350172 0.576148 0.064219 0.133700
0 0.823422 0.558115 0.100188 0.377728
0 0.825859 0.336850 0.104969 0.298712
0 0.595125 0.475246 0.042719 0.248571
0 0.527828 0.472037 0.038031 0.189415
0 0.497672 0.385609 0.036594 0.050328
0 0.389180 0.411991 0.051891 0.239719
0 0.264477 0.564192 0.132234 0.396393
0 0.170602 0.546358 0.200641 0.396885
0 0.181258 0.335468 0.098547 0.205410
0 0.067516 0.308981 0.110719 0.220726
2 0.897586 0.597998 0.057203 0.138852
2 0.963477 0.559988 0.073047 0.251077
2 0.233281 0.604063 0.062000 0.065831
2 0.731258 0.589836 0.046078 0.151007
0 0.456594 0.546218 0.092188 0.173279
2 0.446102 0.520176 0.156547 0.263770
2 0.203234 0.462799 0.035563 0.099977
0 0.228211 0.472014 0.099578 0.237424
0 0.648008 0.433115 0.093547 0.476862
0 0.404687 0.514052 0.806250 0.334895
