2 0.505672 0.700975 0.283625 0.598050
8 0.503133 0.471009 0.045328 0.057706
8 0.060258 0.494415 0.033234 0.061720
8 0.557070 0.469335 0.034609 0.068853
7 0.965953 0.640401 0.045312 0.178739
7 0.119867 0.158406 0.016672 0.121904
7 0.157187 0.149862 0.022656 0.131055
7 0.131836 0.158601 0.015234 0.120917
7 0.414539 0.156055 0.054516 0.105183
7 0.766375 0.139943 0.015375 0.125298
7 0.167023 0.125550 0.008922 0.094541
9 0.714039 0.395252 0.158328 0.210275
7 0.076219 0.168555 0.011094 0.105321
7 0.729008 0.135493 0.010641 0.114151
7 0.754914 0.628096 0.168797 0.116927
7 0.033672 0.159667 0.065219 0.126353
7 0.096867 0.143521 0.022453 0.151353
7 0.180664 0.148509 0.008641 0.137248
7 0.500000 0.392202 0.996875 0.678899
