0 0.347273 0.490726 0.025766 0.080515
0 0.394156 0.489801 0.025750 0.073185
0 0.414258 0.536370 0.051234 0.059485
0 0.478844 0.468349 0.021906 0.052763
0 0.510320 0.472705 0.020641 0.066112
0 0.382953 0.455351 0.019000 0.029063
0 0.434805 0.506780 0.033797 0.040867
0 0.435094 0.453267 0.008656 0.024286
0 0.598875 0.470562 0.014125 0.050304
0 0.606422 0.470117 0.010500 0.053630
0 0.327430 0.471639 0.018797 0.068759
0 0.306258 0.479087 0.032234 0.070117
0 0.425945 0.475316 0.010109 0.016815
0 0.424219 0.473068 0.064062 0.074941
