8 0.361539 0.233323 0.038641 0.051937
7 0.328445 0.343875 0.135266 0.152333
7 0.297961 0.207917 0.011797 0.129208
7 0.335969 0.031625 0.013062 0.063250
7 0.318781 0.212010 0.007562 0.118771
7 0.271367 0.209021 0.009203 0.131417
7 0.308078 0.206302 0.007125 0.134521
7 0.381734 0.188906 0.070375 0.133229
7 0.300914 0.590917 0.038891 0.100750
7 0.429961 0.192042 0.009953 0.129167
7 0.274508 0.030062 0.020109 0.060125
7 0.284813 0.205938 0.016969 0.133250
7 0.427125 0.418510 0.012344 0.100896
7 0.417859 0.419771 0.009062 0.103708
7 0.415625 0.376042 0.281250 0.752083
