0 0.528570 0.286222 0.018109 0.084944
0 0.369133 0.297292 0.019547 0.083806
0 0.089180 0.850667 0.039203 0.198111
0 0.087875 0.669111 0.060937 0.110278
0 0.765289 0.514736 0.037328 0.106694
0 0.669180 0.327833 0.030953 0.079000
0 0.138328 0.674625 0.047875 0.089028
0 0.279461 0.205042 0.012516 0.020417
0 0.180703 0.625208 0.039781 0.111028
0 0.173031 0.244042 0.013906 0.024972
0 0.545109 0.969861 0.043438 0.060278
0 0.629164 0.144806 0.011953 0.035111
0 0.308203 0.192806 0.018219 0.026389
0 0.352344 0.195833 0.704688 0.391667
