6 0.872219 0.587648 0.128854 0.346891
2 0.080125 0.473242 0.157292 0.285047
2 0.878115 0.446227 0.081604 0.103266
2 0.147510 0.741461 0.285063 0.517078
0 0.384156 0.490172 0.505229 0.795969
0 0.731479 0.405305 0.210625 0.186797
0 0.073708 0.296797 0.144208 0.102344
6 0.664552 0.384305 0.019688 0.027109
0 0.848604 0.409133 0.092667 0.140609
2 0.726229 0.446367 0.228875 0.146797
2 0.950990 0.464555 0.059479 0.106609
2 0.726594 0.578531 0.213521 0.140437
9 0.228198 0.228477 0.193521 0.089766
5 0.512458 0.716469 0.221958 0.057219
