0 0.971594 0.764387 0.054656 0.394375
0 0.904922 0.757625 0.059906 0.387350
0 0.877484 0.586763 0.026438 0.075875
0 0.769813 0.749575 0.121031 0.204550
0 0.821617 0.589700 0.045672 0.101550
0 0.379094 0.524825 0.020094 0.080150
0 0.160125 0.552913 0.014406 0.034975
0 0.843922 0.735287 0.073531 0.299475
0 0.498570 0.260637 0.078172 0.071475
0 0.942141 0.574538 0.040438 0.104725
1 0.857008 0.633212 0.032953 0.045625
0 0.847844 0.562363 0.016313 0.048075
1 0.989492 0.718375 0.021016 0.152400
0 0.931938 0.731563 0.055688 0.381475
0 0.969539 0.548725 0.024141 0.046600
0 0.450000 0.545000 0.875000 0.160000
