2 0.759367 0.297693 0.054578 0.086674
2 0.263563 0.543454 0.063250 0.230234
2 0.474789 0.396850 0.049641 0.130749
2 0.890633 0.365492 0.031922 0.110609
8 0.335695 0.895644 0.081203 0.206464
8 0.588742 0.888080 0.079266 0.220141
8 0.874930 0.662014 0.059891 0.167026
0 0.382320 0.523595 0.212891 0.548314
0 0.550992 0.394379 0.157422 0.384262
0 0.691180 0.371534 0.149922 0.366300
0 0.821617 0.321347 0.149922 0.373044
0 0.375039 0.106909 0.051391 0.131335
0 0.953203 0.276780 0.092750 0.267237
0 0.463859 0.194450 0.054969 0.146557
0 0.131937 0.638197 0.263875 0.683138
0 0.463281 0.089895 0.062969 0.161803
0 0.896844 0.147096 0.124250 0.294192
8 0.838844 0.506768 0.043625 0.115176
2 0.788352 0.259625 0.036203 0.050539
0 0.299695 0.341218 0.086516 0.336440
8 0.935023 0.417600 0.081547 0.046487
0 0.122672 0.294602 0.243500 0.588735
0 0.430367 0.254274 0.110266 0.190281
0 0.406250 0.182670 0.809375 0.365340
