0 0.722422 0.824731 0.145531 0.350539
0 0.942289 0.815726 0.115422 0.359555
0 0.570563 0.744239 0.055844 0.146792
0 0.050336 0.864859 0.100672 0.245504
0 0.858336 0.855960 0.130609 0.288080
0 0.202695 0.856756 0.172891 0.286487
0 0.586289 0.922037 0.046328 0.065574
0 0.258680 0.872330 0.124203 0.255340
0 0.343484 0.907963 0.081469 0.184075
0 0.493227 0.726288 0.033891 0.049063
0 0.639555 0.876370 0.086047 0.247260
0 0.519820 0.955410 0.213953 0.089180
0 0.431281 0.893993 0.092625 0.212014
0 0.412500 0.820843 0.821875 0.288056
