9 0.160422 0.318548 0.281875 0.298876
2 0.110836 0.838934 0.221672 0.316089
0 0.877844 0.635773 0.243000 0.709063
7 0.347391 0.436183 0.004719 0.044778
7 0.369063 0.519122 0.029187 0.034075
7 0.142891 0.107213 0.285250 0.214098
7 0.373117 0.440398 0.005203 0.042342
7 0.389813 0.510995 0.006219 0.032014
7 0.320797 0.316593 0.008125 0.070890
7 0.331469 0.516827 0.008625 0.057869
7 0.339164 0.514496 0.008797 0.052974
7 0.411187 0.502857 0.042250 0.046089
7 0.383031 0.515293 0.007875 0.027260
7 0.359859 0.436967 0.011500 0.048173
7 0.377359 0.440269 0.004687 0.043536
7 0.348203 0.523419 0.008156 0.036674
