6 0.290664 0.402657 0.012734 0.067633
6 0.311000 0.406691 0.010437 0.054879
6 0.322070 0.406051 0.012672 0.055966
6 0.301180 0.399891 0.011391 0.064855
6 0.497555 0.432621 0.011859 0.041522
2 0.759766 0.710157 0.120500 0.224855
2 0.285641 0.841570 0.158438 0.289903
2 0.357484 0.654191 0.098094 0.067754
2 0.644461 0.597681 0.099516 0.098357
2 0.507586 0.747234 0.139047 0.299928
0 0.205430 0.379505 0.148609 0.198188
0 0.359492 0.602899 0.138109 0.287633
0 0.399727 0.518973 0.106953 0.424855
0 0.513234 0.616655 0.109438 0.342440
0 0.644164 0.585411 0.081297 0.352850
0 0.846023 0.542705 0.104672 0.460676
0 0.728977 0.626884 0.194547 0.384493
0 0.472148 0.495217 0.048422 0.185217
7 0.125281 0.653152 0.085281 0.026739
7 0.125875 0.669300 0.080281 0.028502
7 0.933203 0.442826 0.033125 0.020193
7 0.897594 0.428961 0.035406 0.040097
7 0.983984 0.450217 0.007656 0.015845
7 0.965656 0.446570 0.032313 0.017246
7 0.892703 0.362452 0.036219 0.035048
7 0.121289 0.635845 0.075953 0.026184
0 0.314430 0.723829 0.237797 0.522005
6 0.486750 0.403454 0.006813 0.019130
6 0.476594 0.398659 0.006656 0.012343
