2 0.751640 0.765893 0.090600 0.218773
2 0.190430 0.911853 0.112420 0.154373
2 0.770220 0.900000 0.134840 0.164053
2 0.958200 0.820213 0.083600 0.266987
2 0.954460 0.653200 0.061240 0.103360
2 0.421870 0.814840 0.155700 0.076773
2 0.696810 0.620307 0.046460 0.062533
2 0.305850 0.627267 0.035060 0.054533
2 0.435420 0.790053 0.126240 0.098667
2 0.659420 0.739400 0.083760 0.179227
2 0.145030 0.738120 0.088380 0.137253
2 0.178580 0.882120 0.145520 0.235760
2 0.513750 0.753573 0.061780 0.170667
2 0.470000 0.725333 0.916000 0.320000
