5 0.604648 0.601319 0.050922 0.038806
5 0.676539 0.629181 0.064141 0.068861
2 0.892656 0.800639 0.041844 0.133944
2 0.945719 0.920139 0.096406 0.159722
2 0.861258 0.765528 0.040078 0.100333
0 0.724367 0.550556 0.298547 0.898889
0 0.470008 0.576167 0.303266 0.847667
1 0.354563 0.646069 0.266719 0.474139
0 0.264180 0.660681 0.159266 0.678639
0 0.316953 0.443167 0.022156 0.063444
2 0.982313 0.863750 0.035375 0.223667
2 0.876375 0.907694 0.038844 0.184611
2 0.030352 0.873111 0.060703 0.211667
2 0.939297 0.797819 0.057219 0.117639
