6 0.963030 0.485667 0.073060 0.187387
8 0.918580 0.474280 0.096600 0.188240
7 0.100960 0.589867 0.201920 0.126720
7 0.131460 0.647187 0.259560 0.175280
8 0.373280 0.444813 0.087880 0.072347
7 0.043990 0.408013 0.041020 0.246160
7 0.019740 0.428253 0.039480 0.214320
7 0.102780 0.436933 0.031600 0.163627
7 0.120720 0.417933 0.032680 0.205147
7 0.132280 0.402600 0.028920 0.229467
7 0.238620 0.396827 0.077640 0.248427
7 0.348970 0.079147 0.113220 0.124373
7 0.028320 0.410507 0.045160 0.246880
7 0.059570 0.423173 0.033220 0.213547
7 0.141610 0.393920 0.024060 0.244640
9 0.804630 0.309880 0.319300 0.336667
7 0.082430 0.466293 0.035180 0.136907
