9 0.636340 0.145360 0.171640 0.195893
6 0.622100 0.418947 0.042360 0.174640
6 0.456360 0.346653 0.032880 0.161200
2 0.052310 0.489987 0.098180 0.472080
0 0.850280 0.544947 0.298320 0.869680
8 0.133600 0.780160 0.087600 0.173600
4 0.727250 0.701120 0.365740 0.512373
4 0.351410 0.749067 0.244380 0.334827
4 0.426660 0.439987 0.206480 0.246320
2 0.929710 0.775360 0.084380 0.062613
4 0.640700 0.360867 0.171520 0.242160
9 0.575450 0.346640 0.043060 0.206027
9 0.608100 0.688013 0.120800 0.471280
9 0.984940 0.132280 0.028800 0.116133
5 0.390850 0.401573 0.054780 0.025707
0 0.186000 0.410413 0.326400 0.599760
