0 0.458477 0.806385 0.122203 0.387229
0 0.275938 0.714729 0.048562 0.179208
0 0.192883 0.648896 0.019234 0.032875
0 0.547742 0.648594 0.010359 0.042604
0 0.763750 0.683010 0.044938 0.164771
0 0.794281 0.669396 0.038312 0.102500
0 0.138555 0.825135 0.108797 0.349729
0 0.032133 0.819865 0.064266 0.360271
0 0.665320 0.719396 0.055609 0.216042
0 0.214812 0.725927 0.040750 0.162979
0 0.909805 0.723219 0.053391 0.194312
0 0.604016 0.680208 0.031156 0.124625
5 0.042828 0.674448 0.003750 0.010937
0 0.821016 0.687177 0.045781 0.145229
1 0.966789 0.701542 0.054516 0.116625
0 0.500000 0.733333 0.996875 0.287500
