0 0.929760 0.520267 0.127080 0.286507
0 0.138130 0.609187 0.149860 0.669787
0 0.444140 0.443773 0.047840 0.158373
0 0.254440 0.432133 0.035800 0.077440
0 0.394340 0.434280 0.022640 0.069680
0 0.360730 0.427507 0.013420 0.035813
0 0.233330 0.426147 0.011380 0.051120
1 0.907970 0.459600 0.081100 0.078347
1 0.433090 0.404427 0.019220 0.055253
1 0.774430 0.453080 0.099020 0.107227
0 0.813680 0.546907 0.129440 0.388480
0 0.528100 0.413040 0.014960 0.036907
1 0.435410 0.408547 0.042820 0.061520
0 0.474120 0.439240 0.017160 0.069680
0 0.763340 0.477173 0.071000 0.207040
1 0.977360 0.558720 0.040280 0.054453
