9 0.864602 0.610260 0.239328 0.285396
6 0.243266 0.567896 0.024250 0.101292
6 0.265234 0.582365 0.037906 0.165688
4 0.889406 0.751781 0.221188 0.245729
7 0.332805 0.837458 0.013641 0.113750
7 0.374773 0.839375 0.013141 0.097375
7 0.532508 0.782083 0.049266 0.011625
7 0.310617 0.835396 0.026266 0.115542
7 0.430945 0.522354 0.010859 0.086000
7 0.346031 0.844135 0.016375 0.094146
7 0.534531 0.803302 0.055250 0.012104
7 0.423828 0.526938 0.009469 0.077500
7 0.537234 0.812406 0.060844 0.018729
7 0.464039 0.530104 0.005547 0.071708
7 0.533617 0.740667 0.042203 0.005708
7 0.536227 0.745365 0.059797 0.020729
