5 0.222344 0.323352 0.079479 0.065672
0 0.543823 0.448313 0.680146 0.851688
6 0.916583 0.668227 0.048083 0.055953
6 0.071917 0.791117 0.143833 0.318266
6 0.859604 0.651234 0.057292 0.047563
6 0.198021 0.083906 0.040542 0.067187
6 0.956760 0.699664 0.050562 0.050109
6 0.757573 0.877594 0.034979 0.041750
6 0.957094 0.089992 0.048438 0.057391
6 0.766844 0.630742 0.027896 0.059484
6 0.165542 0.655508 0.089125 0.111391
6 0.264677 0.099914 0.039938 0.069672
6 0.810615 0.641828 0.047729 0.056688
6 0.854729 0.645820 0.065625 0.061516
6 0.270583 0.175078 0.028833 0.051469
6 0.478125 0.314844 0.956250 0.629687
