8 0.078211 0.588229 0.080203 0.106958
7 0.361875 0.153000 0.112250 0.139875
7 0.155977 0.155104 0.091172 0.010167
7 0.158328 0.174937 0.090563 0.013667
7 0.457750 0.166927 0.022719 0.138521
7 0.161641 0.207646 0.090719 0.013583
7 0.161945 0.221531 0.091953 0.023229
7 0.158656 0.196917 0.093406 0.011625
7 0.159742 0.165750 0.091953 0.008375
7 0.165805 0.144500 0.075109 0.009500
7 0.154508 0.134490 0.095078 0.010646
7 0.152852 0.124062 0.092141 0.011625
7 0.152445 0.108969 0.095797 0.011062
9 0.552328 0.469240 0.372094 0.431521
7 0.964625 0.612469 0.068937 0.136896
