0 0.612480 0.980093 0.018240 0.039813
0 0.392410 0.951533 0.019700 0.057093
0 0.372100 0.947947 0.017520 0.059307
0 0.371580 0.898827 0.010680 0.037387
0 0.652300 0.957933 0.041800 0.078693
0 0.434600 0.949400 0.014920 0.057520
0 0.850060 0.863133 0.012360 0.039067
0 0.267810 0.954427 0.050260 0.091147
0 0.361880 0.957373 0.037120 0.083600
0 0.528290 0.976347 0.051620 0.046720
0 0.407210 0.936333 0.011820 0.032027
0 0.949180 0.849293 0.018640 0.055707
0 0.208350 0.906853 0.014620 0.034720
0 0.548000 0.869333 0.900000 0.256000
