9 0.864195 0.207823 0.271609 0.415646
2 0.272945 0.840375 0.178203 0.292458
2 0.027297 0.540479 0.029656 0.110833
0 0.255336 0.630344 0.453359 0.716854
0 0.847734 0.702677 0.193812 0.310104
0 0.795500 0.888771 0.296625 0.195500
0 0.018453 0.615427 0.033563 0.299771
0 0.266859 0.607146 0.060500 0.136167
2 0.951687 0.900000 0.096625 0.173042
7 0.521430 0.617635 0.059328 0.028229
7 0.225883 0.818198 0.079266 0.041271
2 0.022391 0.913906 0.044781 0.170313
2 0.510000 0.617927 0.145906 0.290271
2 0.407906 0.554115 0.075313 0.161062
