6 0.846703 0.412615 0.023125 0.086271
6 0.830773 0.403062 0.022578 0.096083
6 0.814008 0.402073 0.017141 0.090771
6 0.802844 0.400260 0.019406 0.092812
6 0.754453 0.400656 0.015313 0.056937
6 0.244328 0.455312 0.017125 0.069167
6 0.620133 0.553990 0.016922 0.079229
6 0.446453 0.437490 0.024125 0.043104
0 0.620547 0.381469 0.125750 0.283521
6 0.771180 0.411323 0.019703 0.046771
8 0.263219 0.292052 0.017000 0.042562
6 0.407164 0.422302 0.016797 0.065562
6 0.790281 0.394385 0.022375 0.094729
8 0.595266 0.092062 0.035313 0.037500
8 0.619586 0.094354 0.028234 0.042542
8 0.616359 0.200938 0.014813 0.016708
8 0.214992 0.296448 0.021172 0.044813
8 0.230266 0.282125 0.020594 0.049625
8 0.097594 0.928677 0.043469 0.086937
