0 0.486672 0.540604 0.282438 0.615250
4 0.252812 0.738208 0.320219 0.271917
7 0.388016 0.200365 0.016688 0.085979
7 0.339062 0.394323 0.043188 0.065437
7 0.464273 0.166271 0.030672 0.076792
7 0.375000 0.046167 0.023656 0.092333
7 0.416531 0.034146 0.007969 0.068292
7 0.404156 0.201521 0.006375 0.067708
7 0.351023 0.218135 0.012297 0.084312
7 0.365953 0.211073 0.011000 0.084104
7 0.443570 0.164250 0.008016 0.075417
7 0.417812 0.196573 0.008000 0.098812
7 0.378430 0.206208 0.008203 0.079750
7 0.372609 0.207677 0.007312 0.081479
7 0.429602 0.181281 0.007266 0.088771
