9 0.542391 0.526198 0.310094 0.277729
4 0.195469 0.604240 0.246656 0.250562
7 0.395625 0.228073 0.130750 0.053146
7 0.650477 0.055458 0.041016 0.057500
7 0.622641 0.057719 0.047656 0.057021
8 0.746250 0.673490 0.082281 0.076146
4 0.127250 0.742698 0.217406 0.069646
7 0.740219 0.045969 0.160656 0.050271
7 0.402906 0.198427 0.147469 0.033521
7 0.583523 0.267563 0.051797 0.014833
7 0.766922 0.023458 0.090969 0.016167
7 0.765047 0.054240 0.132312 0.038104
7 0.520922 0.264604 0.073438 0.017875
7 0.528867 0.055240 0.109141 0.022646
7 0.563617 0.730333 0.235109 0.062708
