2 0.576547 0.434990 0.179875 0.291229
2 0.126883 0.548490 0.156797 0.439646
2 0.857023 0.284229 0.059547 0.165250
2 0.050703 0.433917 0.101156 0.334958
0 0.752531 0.533708 0.493813 0.910125
0 0.315164 0.592583 0.283141 0.768542
0 0.158305 0.275052 0.175797 0.449479
0 0.058742 0.184260 0.094641 0.208354
0 0.196867 0.132490 0.161141 0.228729
0 0.374578 0.113115 0.192938 0.192687
0 0.564250 0.104958 0.117375 0.191708
0 0.931172 0.179490 0.137656 0.355854
2 0.935578 0.403552 0.128781 0.223604
8 0.402297 0.339604 0.039719 0.046167
8 0.421375 0.931510 0.088781 0.136979
8 0.409836 0.294510 0.031391 0.052521
2 0.469383 0.695510 0.160109 0.492146
8 0.344539 0.216344 0.025953 0.033271
2 0.935125 0.436844 0.084000 0.128271
8 0.599367 0.199323 0.019547 0.024438
8 0.016156 0.859531 0.031375 0.109896
