5 0.413570 0.660813 0.042016 0.040792
2 0.318414 0.909344 0.319266 0.181313
2 0.739102 0.911844 0.307047 0.154354
0 0.420164 0.570417 0.298172 0.660375
0 0.556734 0.347875 0.159938 0.267875
0 0.689211 0.509354 0.142234 0.554000
0 0.864172 0.322437 0.172063 0.216458
0 0.808211 0.593573 0.312516 0.532854
0 0.115516 0.624771 0.229031 0.750458
0 0.971266 0.319635 0.057469 0.173563
6 0.354125 0.546000 0.049750 0.203208
6 0.405398 0.561323 0.040797 0.141688
6 0.705875 0.495635 0.031563 0.111896
6 0.444594 0.540542 0.039781 0.152917
6 0.461906 0.528750 0.022000 0.132042
6 0.490039 0.542375 0.034891 0.135375
6 0.772883 0.405531 0.010422 0.031271
6 0.528766 0.530937 0.049344 0.128625
2 0.039688 0.880760 0.079375 0.238479
2 0.615984 0.700281 0.031250 0.057604
2 0.767336 0.379396 0.036016 0.067458
2 0.905844 0.818177 0.183125 0.327271
2 0.634016 0.436125 0.033219 0.057083
2 0.744469 0.836010 0.058437 0.036687
6 0.418906 0.534656 0.023031 0.142271
6 0.957102 0.439635 0.022828 0.066771
6 0.499086 0.474292 0.026766 0.050792
2 0.475750 0.448115 0.013969 0.026604
2 0.415313 0.762292 0.140250 0.098875
6 0.540586 0.440375 0.036703 0.114167
6 0.962781 0.387292 0.023125 0.071625
