0 0.182023 0.768542 0.364047 0.440458
0 0.544187 0.530010 0.240500 0.396562
0 0.855844 0.389781 0.197500 0.266437
0 0.426406 0.610104 0.407875 0.532583
0 0.584750 0.416656 0.125625 0.266854
8 0.829063 0.541167 0.031875 0.065167
8 0.741453 0.640313 0.034187 0.096083
8 0.752344 0.527490 0.031938 0.075771
8 0.793547 0.547281 0.033594 0.066229
2 0.219773 0.375302 0.104203 0.136687
2 0.236266 0.723406 0.471469 0.553187
9 0.042781 0.305708 0.085562 0.088417
5 0.682453 0.749229 0.040250 0.045333
7 0.380195 0.307865 0.024078 0.086771
7 0.429703 0.219250 0.037906 0.065458
7 0.375453 0.304948 0.025531 0.085812
7 0.469578 0.300740 0.005844 0.064271
7 0.390945 0.230917 0.056984 0.020458
7 0.433852 0.222021 0.035266 0.069917
7 0.408687 0.340656 0.023750 0.014896
7 0.466234 0.301885 0.005906 0.066938
7 0.449992 0.208792 0.017266 0.087500
7 0.459352 0.299927 0.007797 0.064271
7 0.395227 0.313896 0.013891 0.061042
7 0.213938 0.361448 0.054156 0.027854
