2 0.716938 0.732250 0.269344 0.449458
2 0.580328 0.484677 0.173844 0.184312
2 0.348625 0.474375 0.180719 0.173583
0 0.243539 0.488760 0.129766 0.217979
7 0.368781 0.300792 0.006531 0.046333
7 0.362094 0.222135 0.018094 0.046062
7 0.392164 0.371021 0.042703 0.053958
7 0.390086 0.432531 0.033828 0.018312
7 0.382438 0.303031 0.019594 0.004812
7 0.382469 0.223833 0.006969 0.043792
7 0.364180 0.462323 0.040516 0.011896
7 0.358617 0.375479 0.027172 0.055208
7 0.359336 0.411604 0.029609 0.014083
7 0.382023 0.444531 0.037984 0.014354
7 0.359094 0.464125 0.055625 0.035958
7 0.843195 0.637021 0.071047 0.058917
7 0.355602 0.295021 0.019578 0.056208
6 0.906602 0.392385 0.024766 0.076938
6 0.722078 0.250406 0.009531 0.060813
7 0.392500 0.223802 0.007844 0.041813
6 0.881625 0.394604 0.034969 0.076917
7 0.667188 0.445833 0.653125 0.504167
