0 0.259375 0.451686 0.146937 0.233724
0 0.601570 0.421218 0.205391 0.256206
0 0.714625 0.656323 0.272594 0.627541
7 0.899305 0.308080 0.028703 0.112506
7 0.985000 0.526991 0.028563 0.121054
7 0.943609 0.698033 0.023406 0.119391
7 0.908859 0.327143 0.017344 0.083185
8 0.655008 0.904555 0.033172 0.069391
7 0.946094 0.326030 0.023875 0.099415
7 0.930492 0.320457 0.025172 0.107377
7 0.967977 0.325609 0.032547 0.108407
7 0.852344 0.305574 0.029531 0.111850
7 0.951875 0.529122 0.012687 0.085129
7 0.984773 0.347447 0.024047 0.089461
7 0.962305 0.705679 0.043359 0.112061
7 0.930695 0.702037 0.025016 0.106464
7 0.972359 0.332763 0.025281 0.096956
2 0.811336 0.677365 0.281703 0.550609
7 0.499219 0.606557 0.998437 0.782201
