5 0.687852 0.469531 0.045953 0.083662
2 0.502219 0.845716 0.095937 0.286033
2 0.440008 0.620493 0.085453 0.135117
2 0.898539 0.674930 0.128484 0.331972
0 0.182414 0.540493 0.364828 0.897089
0 0.486953 0.501491 0.148594 0.259366
0 0.538508 0.482277 0.065266 0.154366
0 0.398156 0.559366 0.151969 0.301362
0 0.966562 0.579437 0.065219 0.427606
0 0.881734 0.425599 0.088563 0.110728
0 0.714234 0.626960 0.411344 0.723592
8 0.736453 0.972488 0.121594 0.055023
0 0.906773 0.377347 0.046859 0.087793
8 0.905680 0.960376 0.114734 0.079249
2 0.474164 0.806362 0.185484 0.364038
0 0.954461 0.436620 0.020359 0.075446
0 0.037047 0.533439 0.074094 0.203685
0 0.644984 0.415235 0.088594 0.160516
0 0.928789 0.480892 0.073516 0.156338
8 0.555266 0.552265 0.026062 0.054343
0 0.620258 0.459214 0.040141 0.103404
