9 0.616227 0.435418 0.124234 0.196072
7 0.475039 0.117604 0.115328 0.130529
7 0.746672 0.473942 0.026531 0.094568
7 0.480930 0.438942 0.016484 0.072089
7 0.813750 0.260571 0.014531 0.082312
7 0.869797 0.280696 0.024156 0.113426
7 0.769117 0.486741 0.017391 0.077493
7 0.493133 0.441226 0.016734 0.094429
7 0.785859 0.497618 0.017813 0.069833
7 0.839586 0.271086 0.015922 0.092925
7 0.883102 0.290543 0.027797 0.101365
7 0.479750 0.336671 0.008906 0.062368
7 0.775492 0.494206 0.018047 0.075933
7 0.791445 0.504220 0.020672 0.069666
7 0.714352 0.456100 0.017266 0.078050
4 0.738383 0.705153 0.084109 0.104123
7 0.660156 0.511142 0.417187 0.693593
