0 0.989172 0.399865 0.021000 0.100062
0 0.350156 0.397646 0.022625 0.077417
0 0.647367 0.395917 0.013734 0.075625
0 0.323242 0.396083 0.016453 0.076625
0 0.701516 0.374417 0.010937 0.029667
0 0.454117 0.396281 0.009328 0.040396
0 0.959000 0.367948 0.017344 0.049521
0 0.920633 0.377677 0.020922 0.059687
0 0.922352 0.403073 0.024953 0.094937
0 0.980398 0.395198 0.019328 0.107104
0 0.427539 0.380687 0.015391 0.033208
0 0.845641 0.379760 0.015375 0.032646
0 0.944859 0.396115 0.032844 0.110229
0 0.352344 0.386458 0.585938 0.072917
