0 0.629672 0.501708 0.068562 0.174333
0 0.604367 0.478177 0.030016 0.165854
0 0.659367 0.474260 0.036703 0.164188
0 0.497977 0.560698 0.042703 0.097396
0 0.469125 0.620646 0.081906 0.194667
0 0.131492 0.455229 0.026984 0.115625
0 0.561125 0.331167 0.012375 0.019833
0 0.688242 0.344927 0.016859 0.027312
0 0.789336 0.425906 0.033422 0.102021
0 0.984906 0.409625 0.021406 0.109708
0 0.143539 0.407323 0.031891 0.075979
0 0.026359 0.492698 0.049938 0.133604
0 0.606875 0.322375 0.017781 0.034417
0 0.465625 0.421875 0.868750 0.256250
