9 0.819336 0.396561 0.054891 0.138146
6 0.675609 0.780023 0.026281 0.225164
0 0.161773 0.506326 0.323547 0.759507
0 0.756594 0.514742 0.360344 0.637371
6 0.054562 0.346080 0.012344 0.055587
6 0.070758 0.343721 0.011984 0.055282
5 0.866602 0.730082 0.062828 0.070775
8 0.199242 0.912312 0.108328 0.161761
5 0.344375 0.947676 0.049188 0.079531
6 0.651109 0.817324 0.040719 0.171549
7 0.970039 0.807324 0.059922 0.092864
7 0.962172 0.859085 0.075656 0.078873
6 0.560227 0.731690 0.045672 0.210798
6 0.621539 0.784272 0.048672 0.178826
6 0.317453 0.175434 0.013281 0.072840
