6 0.269094 0.844052 0.077531 0.207562
6 0.212805 0.929302 0.065297 0.141396
6 0.104273 0.944083 0.081703 0.109667
6 0.466906 0.609260 0.037281 0.148438
0 0.417133 0.431469 0.217422 0.386521
0 0.843539 0.801125 0.220797 0.375292
0 0.647422 0.841031 0.420406 0.298187
0 0.589047 0.883146 0.119656 0.170792
0 0.617273 0.501167 0.184953 0.301333
8 0.587305 0.621635 0.033203 0.084396
0 0.294633 0.583906 0.112672 0.175187
2 0.437766 0.532271 0.154188 0.149042
2 0.283234 0.046677 0.034406 0.050979
2 0.252781 0.052937 0.037031 0.047000
2 0.251367 0.027417 0.032453 0.041625
0 0.177359 0.625000 0.344594 0.513500
8 0.538375 0.794937 0.032688 0.063917
8 0.477445 0.748625 0.035891 0.101708
8 0.551500 0.691250 0.029219 0.037333
2 0.716266 0.557958 0.102719 0.220583
2 0.958805 0.912542 0.082391 0.172458
8 0.031500 0.955323 0.063000 0.089354
