0 0.923130 0.844707 0.019380 0.035547
0 0.857690 0.854667 0.020780 0.042933
0 0.909800 0.842293 0.010320 0.024853
0 0.896360 0.855227 0.017920 0.046613
0 0.947420 0.844133 0.017840 0.040800
0 0.973820 0.831187 0.031600 0.062693
0 0.766620 0.863293 0.018840 0.022160
0 0.726970 0.877933 0.015980 0.034267
0 0.990530 0.821187 0.018940 0.058587
0 0.793490 0.868893 0.017020 0.046800
0 0.838590 0.857627 0.016140 0.034613
0 0.822810 0.859827 0.006660 0.017253
2 0.906030 0.860773 0.018060 0.031840
0 0.861000 0.810667 0.274000 0.192000
