6 0.074984 0.591510 0.035656 0.125354
6 0.740187 0.584594 0.072375 0.253104
0 0.325281 0.575281 0.579781 0.822479
0 0.614539 0.385969 0.109359 0.184521
0 0.135359 0.451448 0.135219 0.204104
0 0.840961 0.449323 0.087297 0.108729
0 0.454117 0.491792 0.105984 0.184500
0 0.053883 0.433146 0.034547 0.064333
0 0.491648 0.492990 0.060672 0.191229
0 0.022734 0.453479 0.043125 0.091875
0 0.073313 0.838208 0.146625 0.301125
0 0.736109 0.584771 0.512969 0.740750
0 0.237266 0.409594 0.148031 0.251271
0 0.899492 0.408188 0.049703 0.076917
0 0.526547 0.481625 0.054625 0.225500
