0 0.142023 0.646931 0.045922 0.276750
0 0.236984 0.663222 0.082437 0.162000
0 0.217023 0.631958 0.032953 0.096972
0 0.543687 0.616667 0.033781 0.071167
2 0.459180 0.739806 0.072734 0.131611
2 0.244516 0.741472 0.061031 0.135833
2 0.320422 0.725583 0.070813 0.112222
2 0.668180 0.741819 0.081172 0.135417
2 0.573422 0.745042 0.080625 0.139250
2 0.956461 0.742931 0.071766 0.144694
2 0.806883 0.730514 0.041016 0.110361
2 0.315570 0.704000 0.018766 0.061556
2 0.604148 0.712319 0.028391 0.048694
2 0.775422 0.724153 0.038656 0.101694
0 0.722516 0.628694 0.037625 0.072722
0 0.406148 0.615194 0.029078 0.047889
2 0.254711 0.737236 0.051484 0.120583
2 0.523617 0.727736 0.022453 0.115639
0 0.583422 0.623514 0.016313 0.055861
