0 0.302297 0.494365 0.428500 0.986475
0 0.729898 0.622470 0.303078 0.755060
7 0.394742 0.134005 0.024797 0.076978
7 0.381703 0.276103 0.032438 0.101079
7 0.453656 0.546595 0.027281 0.099712
7 0.490148 0.259880 0.024234 0.124365
7 0.061148 0.106187 0.017922 0.103693
7 0.413633 0.280899 0.030734 0.125827
7 0.082914 0.110360 0.022016 0.085564
7 0.415367 0.386727 0.104672 0.103477
7 0.439063 0.522230 0.037781 0.145755
7 0.367047 0.122674 0.048500 0.111679
8 0.704117 0.691619 0.087891 0.212638
7 0.062898 0.257722 0.061641 0.109017
7 0.046727 0.105372 0.019453 0.104221
7 0.318750 0.371703 0.634375 0.743405
