9 0.496258 0.319215 0.212297 0.214871
6 0.604469 0.403735 0.064750 0.107518
7 0.680578 0.367681 0.019281 0.102763
7 0.691258 0.362834 0.025797 0.094192
7 0.651516 0.360925 0.026531 0.123911
7 0.662094 0.363232 0.017688 0.103513
7 0.706430 0.374895 0.025922 0.093911
7 0.715258 0.379145 0.024109 0.091405
7 0.669641 0.365550 0.013688 0.098454
7 0.643156 0.348712 0.025156 0.147307
7 0.699930 0.368970 0.026234 0.098080
7 0.714086 0.396686 0.010766 0.056792
7 0.258828 0.657670 0.107688 0.123255
7 0.687781 0.360304 0.026969 0.093630
7 0.316297 0.800820 0.110937 0.098173
