0 0.477047 0.601635 0.022906 0.053521
0 0.508383 0.532062 0.007484 0.028083
0 0.698563 0.518479 0.006375 0.008917
1 0.486531 0.590812 0.009281 0.013833
2 0.826969 0.865177 0.346062 0.247188
2 0.858094 0.606385 0.156781 0.100812
2 0.839328 0.493042 0.065625 0.020125
2 0.842383 0.531281 0.097984 0.048104
0 0.494609 0.536167 0.004875 0.014792
0 0.466586 0.536521 0.011641 0.027500
0 0.507578 0.510271 0.003938 0.017417
0 0.318852 0.529344 0.008578 0.014979
0 0.509133 0.491729 0.006359 0.025667
0 0.531719 0.528271 0.006844 0.025083
0 0.512273 0.520562 0.005672 0.020625
0 0.558484 0.521542 0.009969 0.015750
2 0.854469 0.721865 0.289344 0.092854
0 0.466406 0.530208 0.476562 0.047917
