9 0.774580 0.711243 0.450320 0.550569
2 0.680960 0.207964 0.132440 0.237066
2 0.233400 0.225629 0.073560 0.223653
2 0.557140 0.246557 0.090120 0.282635
2 0.416300 0.628982 0.182360 0.487126
2 0.939850 0.401811 0.120300 0.336198
2 0.803750 0.196287 0.128220 0.201916
0 0.453650 0.494087 0.243580 0.714880
0 0.135040 0.669895 0.264320 0.660210
0 0.259690 0.613488 0.183140 0.597754
0 0.751690 0.355913 0.209220 0.326617
0 0.102030 0.226287 0.158460 0.450719
0 0.278460 0.261796 0.130600 0.519102
0 0.471800 0.073174 0.084960 0.144731
2 0.979010 0.291243 0.041980 0.189491
0 0.760320 0.153219 0.151600 0.301946
2 0.422890 0.314985 0.845780 0.418533
2 0.090870 0.495344 0.180500 0.183144
9 0.680900 0.038174 0.067760 0.073832
