7 0.474365 0.441469 0.033271 0.178750
7 0.930896 0.659023 0.138208 0.073359
7 0.795500 0.468539 0.128833 0.168547
7 0.588896 0.465477 0.037000 0.158109
7 0.605635 0.465984 0.036396 0.156750
7 0.653021 0.472367 0.031917 0.151984
7 0.503750 0.444828 0.036375 0.178719
7 0.561073 0.449430 0.029479 0.176047
7 0.701177 0.475891 0.028063 0.150781
7 0.680896 0.475227 0.037542 0.154047
7 0.720667 0.477164 0.033667 0.148672
7 0.631365 0.469977 0.034604 0.152891
7 0.353698 0.474172 0.079562 0.182750
7 0.498958 0.667969 0.997917 0.660937
