6 0.804914 0.870031 0.116672 0.107312
0 0.379211 0.623594 0.508984 0.649438
0 0.585055 0.502542 0.038234 0.055500
0 0.496156 0.520417 0.042625 0.170458
0 0.574953 0.584969 0.077625 0.153021
0 0.433047 0.537135 0.015844 0.023396
0 0.530273 0.562750 0.045297 0.057125
0 0.784406 0.570198 0.026812 0.037563
1 0.016453 0.727885 0.032906 0.188521
1 0.462773 0.468469 0.036016 0.082312
1 0.567828 0.707010 0.110438 0.183854
2 0.093500 0.555719 0.012531 0.033937
0 0.767148 0.563365 0.010547 0.017479
0 0.409930 0.528458 0.023984 0.037875
0 0.144555 0.540802 0.030016 0.060937
0 0.458289 0.500156 0.029984 0.156312
1 0.662680 0.713469 0.126672 0.151021
0 0.162430 0.512406 0.007109 0.020979
0 0.687141 0.589198 0.135688 0.261354
