5 0.815867 0.580427 0.043078 0.035062
0 0.255336 0.664906 0.345516 0.669646
0 0.611500 0.710458 0.387594 0.579083
0 0.810375 0.495417 0.256375 0.500458
0 0.914609 0.744250 0.170781 0.469667
0 0.570273 0.464271 0.228734 0.457458
0 0.371633 0.512354 0.193828 0.597750
0 0.242836 0.298344 0.155172 0.200063
0 0.111656 0.317531 0.108750 0.188521
0 0.074820 0.514771 0.102859 0.695667
0 0.582406 0.211250 0.082594 0.121583
0 0.688109 0.303646 0.165844 0.243333
0 0.866453 0.289104 0.124125 0.192167
5 0.188141 0.102344 0.008156 0.007021
5 0.761898 0.065823 0.014078 0.011771
0 0.763781 0.255260 0.091750 0.228729
2 0.195141 0.175375 0.054469 0.037375
0 0.499219 0.498958 0.998437 0.997917
