9 0.282156 0.511990 0.142094 0.164021
7 0.477047 0.452781 0.012063 0.056021
7 0.839195 0.644198 0.023422 0.089188
7 0.814414 0.299198 0.006797 0.066521
7 0.878453 0.535823 0.040031 0.091646
7 0.917437 0.415219 0.009938 0.078854
7 0.887039 0.294844 0.007172 0.064229
7 0.911641 0.542250 0.027750 0.084958
7 0.862789 0.412146 0.029203 0.086958
7 0.947164 0.285385 0.028516 0.073104
7 0.877008 0.413323 0.021453 0.079521
7 0.895266 0.540635 0.031719 0.081813
7 0.892984 0.652990 0.030219 0.093521
4 0.610938 0.948875 0.195875 0.102250
7 0.467852 0.454937 0.008766 0.053250
7 0.678906 0.533333 0.639062 0.683333
