6 0.885273 0.797845 0.126266 0.404309
2 0.964320 0.767881 0.071359 0.147752
0 0.770922 0.468899 0.368656 0.700234
0 0.597836 0.398478 0.115797 0.264543
0 0.872625 0.372272 0.086594 0.085433
0 0.156133 0.364438 0.072484 0.216042
0 0.465375 0.337459 0.075281 0.118712
2 0.214688 0.492670 0.039156 0.015644
2 0.057375 0.723033 0.095781 0.105035
2 0.985930 0.537810 0.028141 0.061991
0 0.101055 0.419344 0.049703 0.142670
0 0.848828 0.343126 0.044906 0.046487
0 0.212375 0.748080 0.424750 0.503841
2 0.151914 0.485187 0.067672 0.024614
2 0.588359 0.511909 0.031625 0.032295
0 0.985039 0.457002 0.029922 0.117564
6 0.516422 0.898700 0.069312 0.161054
6 0.672930 0.887283 0.104484 0.225340
0 0.362375 0.367248 0.272594 0.404567
