6 0.487992 0.689260 0.043547 0.191937
0 0.206461 0.556646 0.412172 0.886708
0 0.815930 0.589010 0.237359 0.795604
0 0.955359 0.646844 0.089281 0.679896
8 0.731344 0.431896 0.047844 0.064375
8 0.433023 0.795406 0.049422 0.154729
8 0.367531 0.724135 0.039125 0.065437
6 0.645469 0.778698 0.042063 0.175687
6 0.614359 0.742542 0.033156 0.171375
8 0.272375 0.786469 0.043750 0.141354
8 0.309055 0.794146 0.039203 0.152292
8 0.454234 0.732740 0.044562 0.056688
8 0.344523 0.747969 0.044422 0.059896
8 0.288734 0.726885 0.030281 0.067687
8 0.399836 0.732667 0.038297 0.057167
8 0.319805 0.725146 0.041641 0.029292
8 0.343539 0.693573 0.022266 0.037271
0 0.466516 0.450938 0.208500 0.592792
8 0.341500 0.874542 0.049188 0.014750
8 0.421477 0.714229 0.028484 0.038542
