2 0.118539 0.162681 0.046797 0.081897
2 0.155234 0.165984 0.054156 0.089438
0 0.746656 0.696639 0.131937 0.453934
0 0.436867 0.233314 0.045953 0.234075
0 0.406008 0.239965 0.076266 0.317728
3 0.837492 0.321417 0.325016 0.081944
0 0.807016 0.555222 0.050000 0.284356
0 0.901945 0.570141 0.067703 0.296815
0 0.968891 0.615000 0.062219 0.367799
0 0.846977 0.581991 0.085109 0.341218
0 0.465133 0.225304 0.092984 0.287611
0 0.490414 0.249133 0.081797 0.235222
0 0.545563 0.184578 0.086469 0.186112
0 0.024055 0.495047 0.048109 0.245222
0 0.375945 0.245012 0.066172 0.287588
3 0.876172 0.232436 0.244531 0.033958
3 0.778703 0.121979 0.442594 0.048407
3 0.896078 0.176815 0.207844 0.033583
3 0.902766 0.150059 0.194469 0.034309
3 0.643297 0.137049 0.166875 0.018595
3 0.639500 0.174180 0.175000 0.054262
3 0.627516 0.236323 0.136937 0.050211
3 0.868477 0.269977 0.263047 0.044543
3 0.305211 0.181686 0.148484 0.023700
3 0.887812 0.208478 0.223594 0.030773
3 0.326328 0.154871 0.142781 0.016206
5 0.822219 0.530105 0.009781 0.007471
