2 0.397609 0.852323 0.106531 0.209979
2 0.259648 0.830302 0.106703 0.201104
2 0.579703 0.879458 0.078906 0.241083
2 0.213805 0.697042 0.062484 0.028667
0 0.630617 0.797969 0.134391 0.379688
8 0.767352 0.755281 0.020266 0.038396
8 0.758188 0.836802 0.044656 0.081479
8 0.684625 0.765260 0.023250 0.036312
4 0.259555 0.709854 0.067422 0.058417
4 0.716625 0.775125 0.087594 0.046458
7 0.973320 0.330729 0.009328 0.083500
7 0.993289 0.595552 0.013203 0.094896
7 0.979820 0.680833 0.040359 0.127042
7 0.980898 0.489896 0.023609 0.103375
7 0.995062 0.492125 0.009875 0.086583
7 0.978969 0.398458 0.018406 0.086458
7 0.968977 0.582344 0.010297 0.069354
7 0.980727 0.592990 0.013547 0.079479
4 0.440312 0.713063 0.083687 0.066833
7 0.995281 0.921563 0.009437 0.098958
