0 0.232727 0.289212 0.019453 0.078376
3 0.847617 0.609729 0.304422 0.276400
3 0.411914 0.524224 0.147453 0.207365
3 0.709633 0.480553 0.162359 0.152024
3 0.145914 0.499882 0.288859 0.242165
0 0.219430 0.289259 0.013578 0.075694
0 0.099453 0.293129 0.032344 0.045176
0 0.251328 0.286753 0.018219 0.050541
3 0.771539 0.565682 0.277922 0.218706
3 0.373227 0.428788 0.221516 0.084306
3 0.923500 0.452176 0.151000 0.090753
3 0.987234 0.484576 0.025531 0.046000
3 0.626680 0.465941 0.083359 0.115882
0 0.560469 0.554671 0.249688 0.682659
0 0.137859 0.301400 0.029344 0.046941
