0 0.414445 0.404708 0.218328 0.553333
0 0.632023 0.525844 0.303359 0.642687
0 0.102086 0.273010 0.111516 0.357021
0 0.270508 0.170646 0.040734 0.059292
0 0.172117 0.347646 0.129547 0.391917
8 0.417547 0.781615 0.040156 0.084687
8 0.453234 0.749083 0.040031 0.088958
8 0.723734 0.940656 0.050562 0.106229
8 0.233750 0.660583 0.035813 0.079125
8 0.195664 0.681500 0.038516 0.076500
8 0.149641 0.523021 0.026750 0.056417
8 0.903828 0.968448 0.057969 0.063104
8 0.097445 0.465135 0.026391 0.049271
8 0.697766 0.962573 0.052875 0.073729
8 0.508172 0.719312 0.037156 0.073167
8 0.347531 0.300469 0.034563 0.072396
0 0.324305 0.172333 0.043359 0.104583
0 0.280844 0.385219 0.203000 0.478521
0 0.151445 0.320479 0.088359 0.329208
0 0.881969 0.741792 0.236063 0.514833
0 0.049742 0.328698 0.096703 0.295563
8 0.213750 0.275604 0.026531 0.061250
0 0.026797 0.193427 0.050281 0.124771
8 0.130187 0.537156 0.028719 0.056021
