0 0.177371 0.410398 0.063709 0.062359
0 0.587394 0.425734 0.031033 0.083781
0 0.644542 0.402008 0.045047 0.032047
0 0.664108 0.400094 0.027277 0.042312
0 0.031103 0.438805 0.060657 0.150828
0 0.171444 0.372359 0.027066 0.015844
0 0.554695 0.591313 0.171315 0.392594
0 0.042559 0.418281 0.057793 0.126031
0 0.123286 0.379562 0.022723 0.033031
0 0.934542 0.420094 0.035047 0.074406
0 0.880669 0.409711 0.014577 0.019859
0 0.101890 0.389656 0.022887 0.055281
0 0.635869 0.395727 0.032254 0.018953
1 0.544660 0.583602 0.082277 0.111359
