0 0.495805 0.561896 0.850672 0.852333
5 0.250742 0.253948 0.061641 0.133729
7 0.035508 0.212021 0.026609 0.104542
9 0.952531 0.201125 0.094937 0.200000
7 0.115914 0.213510 0.021797 0.083021
7 0.049117 0.040146 0.027297 0.080292
7 0.049031 0.217042 0.024938 0.100750
7 0.102844 0.217750 0.015313 0.089833
7 0.041875 0.507479 0.083750 0.106250
7 0.073172 0.210250 0.022437 0.104417
7 0.127844 0.216688 0.012000 0.088875
7 0.091172 0.204927 0.023500 0.115646
7 0.062234 0.207135 0.022969 0.109187
7 0.074016 0.341521 0.034687 0.123375
7 0.037500 0.354135 0.019312 0.108271
7 0.095797 0.351583 0.018969 0.110458
7 0.078125 0.287500 0.150000 0.245833
