6 0.601391 0.251740 0.005969 0.023979
6 0.575102 0.254979 0.010953 0.015333
6 0.587742 0.251115 0.012453 0.033021
2 0.029430 0.528031 0.058859 0.217479
2 0.072320 0.474010 0.061266 0.181521
7 0.202070 0.602187 0.063828 0.041083
7 0.285586 0.713208 0.031547 0.047542
6 0.596555 0.254229 0.005297 0.022958
6 0.440039 0.419969 0.030547 0.068896
8 0.683805 0.183958 0.012734 0.027750
8 0.738406 0.278813 0.013219 0.022375
8 0.579664 0.327469 0.015172 0.019229
7 0.276266 0.339375 0.005063 0.029500
8 0.749156 0.180740 0.010625 0.026521
7 0.162570 0.691229 0.040859 0.027250
7 0.282375 0.337156 0.010187 0.029187
7 0.288766 0.375208 0.003500 0.033292
6 0.583891 0.247208 0.005906 0.026417
6 0.580555 0.209010 0.008922 0.019979
7 0.327008 0.675104 0.066547 0.037583
