9 0.604220 0.175080 0.288200 0.346480
8 0.790980 0.411773 0.083720 0.180720
1 0.133520 0.583613 0.127160 0.249413
7 0.219270 0.253253 0.028660 0.138400
7 0.181490 0.266813 0.057980 0.128453
7 0.316970 0.189213 0.038780 0.050107
7 0.311970 0.087907 0.024780 0.131600
7 0.140060 0.097547 0.061680 0.108213
7 0.293360 0.195520 0.024400 0.051627
7 0.212890 0.093827 0.020300 0.126480
7 0.248470 0.210240 0.022700 0.059627
7 0.276760 0.075707 0.021400 0.140373
7 0.294810 0.082307 0.023500 0.134267
7 0.257420 0.203627 0.029320 0.048640
