2 0.541836 0.425146 0.045609 0.065250
0 0.277461 0.496646 0.443828 0.709750
0 0.660430 0.446729 0.418953 0.609958
0 0.929492 0.374156 0.129766 0.195521
0 0.537695 0.302615 0.072797 0.192854
0 0.392258 0.344260 0.087891 0.152604
8 0.158789 0.804917 0.130047 0.390167
8 0.539844 0.814958 0.083906 0.248292
8 0.793469 0.807365 0.085250 0.254604
8 0.914648 0.759802 0.109172 0.380063
8 0.584531 0.865385 0.060875 0.220312
2 0.412812 0.433552 0.065062 0.053604
0 0.206734 0.317854 0.058344 0.143708
0 0.493766 0.367115 0.101344 0.189521
8 0.630336 0.803667 0.058453 0.148042
0 0.559609 0.302615 0.043875 0.170937
2 0.840914 0.461948 0.039734 0.077438
8 0.722961 0.871854 0.067703 0.213875
