9 0.788312 0.371948 0.175844 0.176354
2 0.412102 0.855917 0.301609 0.266667
2 0.159672 0.786021 0.241937 0.402167
2 0.278461 0.456979 0.050547 0.068333
0 0.245898 0.508677 0.159859 0.264854
0 0.173828 0.592073 0.221000 0.414729
0 0.380617 0.476542 0.187359 0.335417
0 0.113250 0.340458 0.135906 0.268458
0 0.454445 0.722437 0.352078 0.520292
6 0.323984 0.374542 0.016313 0.065875
6 0.346742 0.357854 0.011828 0.040417
6 0.335062 0.362813 0.012875 0.049208
6 0.340953 0.349292 0.009375 0.034083
2 0.216664 0.579156 0.083891 0.057271
0 0.196391 0.355750 0.103438 0.293292
