0 0.438892 0.603720 0.494251 0.578720
0 0.030135 0.114270 0.059910 0.135220
0 0.057844 0.060980 0.103413 0.121960
0 0.758817 0.295660 0.115539 0.082720
0 0.282635 0.115270 0.095269 0.141420
0 0.380344 0.128190 0.107814 0.165980
0 0.482365 0.127620 0.117964 0.162720
0 0.412829 0.034540 0.107874 0.069080
0 0.879701 0.248320 0.164850 0.164040
0 0.914626 0.173160 0.113982 0.134680
2 0.574476 0.149210 0.086078 0.051940
2 0.974461 0.216430 0.049521 0.043420
2 0.296497 0.212430 0.096707 0.049700
2 0.200000 0.208360 0.096168 0.050480
2 0.101781 0.190590 0.085180 0.019580
2 0.800015 0.091760 0.086916 0.048760
2 0.832605 0.031450 0.081138 0.046460
2 0.290659 0.027760 0.093713 0.047760
2 0.395135 0.212280 0.104820 0.052040
2 0.574356 0.229520 0.083743 0.073840
0 0.969326 0.063310 0.061347 0.126020
2 0.752275 0.151260 0.072934 0.048720
2 0.664476 0.152340 0.094281 0.052600
0 0.821108 0.014580 0.083234 0.029160
0 0.800883 0.182890 0.110569 0.129780
2 0.756647 0.033560 0.064431 0.045160
2 0.522455 0.182000 0.949102 0.356000
0 0.519461 0.162000 0.859281 0.324000
