5 0.350615 0.549227 0.031146 0.053766
0 0.276281 0.704391 0.552563 0.591219
0 0.753646 0.724844 0.092583 0.169219
0 0.671104 0.689531 0.033667 0.119219
0 0.931427 0.748539 0.108437 0.232891
0 0.615469 0.699117 0.082396 0.211234
0 0.537812 0.676781 0.055792 0.098312
0 0.792354 0.628398 0.024292 0.023578
0 0.500823 0.678258 0.071729 0.115422
0 0.446417 0.644016 0.050833 0.094719
0 0.793281 0.718492 0.056896 0.155391
0 0.464979 0.618867 0.026583 0.033422
0 0.847604 0.727055 0.078958 0.178672
0 0.820375 0.632430 0.033375 0.031078
0 0.500000 0.718750 0.995833 0.315625
