6 0.744773 0.540052 0.021641 0.044312
6 0.776891 0.540313 0.024063 0.046917
0 0.163953 0.516813 0.233750 0.594167
0 0.409086 0.584948 0.179703 0.340729
0 0.660789 0.505354 0.154797 0.186833
0 0.880617 0.527115 0.197203 0.510104
4 0.292227 0.774781 0.229734 0.231979
4 0.776656 0.803615 0.229094 0.245938
1 0.760008 0.596604 0.111859 0.087000
8 0.506680 0.571500 0.025266 0.066375
1 0.522906 0.874563 0.180094 0.250000
4 0.508016 0.626573 0.140937 0.057813
7 0.694953 0.577958 0.048469 0.038667
7 0.294844 0.620615 0.061500 0.055187
7 0.915297 0.797510 0.083187 0.040021
7 0.881656 0.799104 0.058125 0.046667
