5 0.283633 0.625729 0.030547 0.031333
5 0.672859 0.640729 0.048875 0.071625
5 0.601898 0.608698 0.023359 0.016896
5 0.375281 0.506010 0.013938 0.016146
2 0.727195 0.621615 0.072641 0.150896
2 0.778680 0.791698 0.290953 0.416604
0 0.711234 0.734833 0.333719 0.489875
0 0.579422 0.529344 0.064000 0.138021
0 0.656250 0.570948 0.119938 0.243229
0 0.154211 0.693260 0.308422 0.586521
0 0.404797 0.713427 0.144500 0.495521
0 0.874594 0.484229 0.123000 0.211208
2 0.045773 0.598635 0.043484 0.077021
2 0.973305 0.694240 0.051828 0.142438
2 0.338578 0.525917 0.026562 0.038250
2 0.016891 0.666552 0.033781 0.193729
0 0.366992 0.514219 0.027391 0.057021
8 0.428984 0.660833 0.022219 0.053458
2 0.929133 0.518573 0.050891 0.060937
2 0.120102 0.936500 0.234984 0.097458
