1 0.707793 0.748250 0.302553 0.223020
0 0.597147 0.587310 0.247387 0.204100
0 0.846186 0.516070 0.235976 0.352860
0 0.256411 0.487600 0.253243 0.324600
0 0.144429 0.688840 0.232042 0.224880
0 0.918964 0.340910 0.114565 0.108580
0 0.572703 0.444030 0.131772 0.079060
0 0.149234 0.343010 0.139670 0.120660
0 0.703514 0.894380 0.374535 0.184280
0 0.508483 0.437350 0.170300 0.118180
0 0.923784 0.684330 0.152432 0.304700
1 0.122282 0.141920 0.190450 0.132000
1 0.491021 0.344470 0.085285 0.083900
2 0.105195 0.747200 0.209069 0.342280
2 0.103378 0.514580 0.202853 0.244600
2 0.835390 0.524760 0.234985 0.289880
2 0.973694 0.456570 0.049189 0.138700
2 0.179670 0.425550 0.085285 0.059340
0 0.298529 0.303440 0.095315 0.061480
0 0.397297 0.389530 0.184204 0.179420
1 0.945360 0.100840 0.109279 0.129880
0 0.600541 0.316650 0.109670 0.158220
1 0.871712 0.150520 0.081742 0.108160
1 0.499625 0.769130 0.128078 0.141460
0 0.456456 0.430000 0.906907 0.444000
