0 0.943641 0.568408 0.112719 0.810259
6 0.243187 0.462476 0.037937 0.170000
6 0.394117 0.691415 0.040203 0.237075
6 0.277219 0.729741 0.083156 0.310330
6 0.141008 0.437300 0.036953 0.288939
6 0.181141 0.449587 0.058344 0.252382
6 0.542711 0.380307 0.033984 0.161509
6 0.490617 0.431309 0.029547 0.087382
6 0.446836 0.444446 0.025547 0.094363
6 0.298406 0.383656 0.023469 0.111038
6 0.332117 0.459741 0.041297 0.129858
6 0.403328 0.456474 0.030719 0.099505
6 0.466492 0.441710 0.019047 0.085401
6 0.424047 0.450035 0.020406 0.089505
8 0.683547 0.742901 0.089844 0.090566
8 0.229078 0.500259 0.061219 0.109434
8 0.597883 0.420649 0.020578 0.046014
6 0.516406 0.281840 0.342187 0.516509
