0 0.139414 0.635637 0.006797 0.013125
0 0.159539 0.728229 0.025766 0.120949
0 0.348508 0.812755 0.096734 0.129722
0 0.236820 0.712697 0.022047 0.093819
0 0.346148 0.689722 0.028703 0.117963
0 0.732359 0.666817 0.056688 0.084977
0 0.837617 0.692523 0.028766 0.121296
0 0.132531 0.725093 0.029781 0.138611
0 0.203602 0.741551 0.027984 0.164769
0 0.428000 0.671644 0.020688 0.071528
0 0.361109 0.674248 0.019594 0.112292
0 0.587672 0.674421 0.039656 0.064722
0 0.557687 0.662454 0.020594 0.130417
0 0.362500 0.673611 0.721875 0.171296
