7 0.085870 0.763683 0.141100 0.222349
7 0.125320 0.585460 0.115760 0.162730
7 0.461550 0.808571 0.126380 0.184254
7 0.581640 0.790333 0.123240 0.170190
7 0.669350 0.440635 0.095260 0.226857
7 0.265340 0.811937 0.124880 0.195937
7 0.745570 0.618603 0.120500 0.115683
7 0.841340 0.619460 0.131880 0.115429
7 0.693220 0.756905 0.133520 0.168603
7 0.803460 0.755651 0.145600 0.159111
7 0.517300 0.409952 0.097120 0.245556
7 0.432530 0.563635 0.107260 0.153556
7 0.912170 0.756159 0.160260 0.162794
7 0.488000 0.477778 0.740000 0.682540
