1 0.521062 0.657930 0.112125 0.120641
1 0.297969 0.672711 0.024354 0.035047
0 0.588875 0.735750 0.147417 0.412437
0 0.080312 0.732680 0.150000 0.350172
3 0.379385 0.716492 0.164521 0.027516
0 0.860177 0.667398 0.045729 0.066297
0 0.920823 0.669180 0.035312 0.065953
0 0.216625 0.711516 0.078792 0.164156
0 0.399417 0.696164 0.039750 0.068547
0 0.286927 0.702445 0.093312 0.125422
0 0.337062 0.687633 0.036375 0.080109
0 0.725927 0.672945 0.014604 0.022016
0 0.813302 0.675250 0.014896 0.023906
0 0.980062 0.662805 0.029542 0.069734
3 0.943438 0.678484 0.097917 0.048469
0 0.441427 0.693125 0.052687 0.064500
0 0.751115 0.667086 0.041521 0.085641
0 0.443750 0.717187 0.741667 0.168750
