6 0.654461 0.546759 0.020141 0.028333
2 0.558625 0.598796 0.080344 0.262685
2 0.707836 0.591111 0.159922 0.267454
2 0.446383 0.688264 0.058516 0.092731
0 0.280391 0.743241 0.190625 0.463472
0 0.382648 0.520949 0.099016 0.379491
0 0.443359 0.626250 0.141437 0.243519
0 0.902523 0.647199 0.169891 0.624722
0 0.977695 0.573044 0.044609 0.299468
0 0.759062 0.536366 0.106344 0.303009
0 0.601312 0.583692 0.135000 0.322431
2 0.750719 0.506944 0.143281 0.117824
0 0.080602 0.681736 0.158203 0.516065
0 0.212922 0.668785 0.074187 0.185764
0 0.010000 0.465231 0.020000 0.121435
