0 0.572000 0.486486 0.320531 0.970694
6 0.106570 0.338361 0.061891 0.379389
6 0.151195 0.337333 0.038703 0.361889
6 0.192789 0.339778 0.061203 0.372278
6 0.243258 0.375542 0.043984 0.284083
6 0.305266 0.356319 0.045500 0.292917
6 0.279266 0.369111 0.043781 0.297167
6 0.377516 0.358181 0.044500 0.254694
6 0.239852 0.757403 0.043984 0.238306
6 0.322758 0.711597 0.036328 0.219583
6 0.140578 0.725944 0.044156 0.280333
6 0.348594 0.700208 0.030312 0.209750
6 0.291727 0.724069 0.030703 0.222083
6 0.096539 0.773486 0.041891 0.162028
6 0.392969 0.518056 0.785937 0.958333
