6 0.214555 0.504354 0.008328 0.021761
6 0.234078 0.505986 0.014000 0.024789
1 0.142008 0.387359 0.044797 0.083122
0 0.808469 0.350563 0.076281 0.287653
0 0.276992 0.258932 0.017547 0.043920
0 0.311789 0.328838 0.029641 0.129460
0 0.253906 0.317958 0.058719 0.177512
0 0.348555 0.400082 0.131891 0.339836
0 0.585617 0.366033 0.043609 0.240892
0 0.717836 0.342312 0.059547 0.250211
0 0.407766 0.342336 0.065969 0.213967
0 0.979977 0.290657 0.040047 0.163146
0 0.942539 0.267852 0.044766 0.142934
0 0.487266 0.402171 0.086750 0.337723
6 0.223820 0.503897 0.009609 0.021174
0 0.911273 0.278392 0.035641 0.142653
0 0.213719 0.376737 0.075250 0.229343
6 0.368531 0.527700 0.011281 0.045211
6 0.315914 0.605998 0.012328 0.027582
6 0.294320 0.621643 0.008422 0.059671
6 0.346969 0.594718 0.013156 0.030000
6 0.324992 0.629284 0.012203 0.044155
6 0.324375 0.597277 0.010344 0.022394
6 0.391453 0.570188 0.008781 0.013991
6 0.336750 0.598556 0.010969 0.028991
0 0.498437 0.488263 0.996875 0.971831
6 0.360938 0.576291 0.187500 0.176056
