6 0.078141 0.877302 0.054937 0.129187
9 0.969063 0.402073 0.061562 0.092937
0 0.518414 0.581375 0.151734 0.341833
0 0.618547 0.616177 0.164625 0.385813
0 0.624437 0.761802 0.257875 0.449437
0 0.138203 0.708990 0.276406 0.415729
0 0.511008 0.345229 0.032953 0.067708
0 0.626234 0.347062 0.025969 0.057708
0 0.501875 0.355094 0.024656 0.074437
0 0.459953 0.337083 0.033219 0.057250
0 0.426508 0.360792 0.048391 0.085625
0 0.344633 0.361583 0.031922 0.075417
0 0.387289 0.344969 0.022672 0.042562
0 0.268820 0.483708 0.133141 0.296625
2 0.622750 0.903375 0.267969 0.193250
2 0.266820 0.863531 0.044297 0.272937
2 0.788797 0.693896 0.126906 0.322792
2 0.204461 0.558375 0.105516 0.201292
2 0.435781 0.457927 0.054094 0.126771
2 0.359062 0.452115 0.073656 0.130188
7 0.159648 0.381177 0.004922 0.032771
7 0.183930 0.420573 0.013891 0.032604
7 0.779914 0.366510 0.010516 0.023646
7 0.835859 0.375260 0.061531 0.042396
7 0.836391 0.420594 0.012531 0.030021
7 0.895242 0.386063 0.006516 0.029792
7 0.886922 0.436969 0.004031 0.027813
7 0.599266 0.346677 0.002656 0.017396
7 0.570312 0.344760 0.007687 0.022146
7 0.833977 0.447708 0.011516 0.021708
7 0.868305 0.382792 0.005391 0.027500
7 0.575773 0.378823 0.001766 0.017562
0 0.483758 0.373281 0.046516 0.121771
7 0.580328 0.343677 0.005625 0.019604
2 0.331828 0.811823 0.151781 0.359521
2 0.165703 0.516708 0.067875 0.137542
2 0.452266 0.581729 0.088313 0.197000
2 0.771609 0.441073 0.031062 0.119104
7 0.510156 0.387500 0.754687 0.125000
0 0.360938 0.655208 0.721875 0.685417
2 0.383594 0.525000 0.767188 0.341667
