1 0.672664 0.392084 0.030828 0.079251
0 0.638984 0.441663 0.083094 0.321733
0 0.188914 0.464040 0.149922 0.532576
0 0.877086 0.422471 0.107953 0.413466
0 0.966969 0.426803 0.064625 0.364848
0 0.782969 0.389895 0.075563 0.381991
0 0.535773 0.372740 0.047484 0.185293
0 0.494234 0.393560 0.060656 0.235831
0 0.846352 0.395515 0.043484 0.341569
0 0.090430 0.435808 0.040141 0.199204
0 0.667938 0.280902 0.043469 0.125831
0 0.367805 0.554742 0.314891 0.827330
0 0.806180 0.383489 0.063297 0.349883
1 0.094891 0.418044 0.029375 0.070375
0 0.526039 0.353103 0.027016 0.154450
0 0.500000 0.388759 0.996875 0.468384
