7 0.798773 0.833104 0.118641 0.081167
7 0.841859 0.648375 0.181781 0.047833
7 0.835695 0.609625 0.175859 0.085000
7 0.845227 0.708990 0.170234 0.074146
7 0.842578 0.749708 0.155438 0.030292
7 0.840141 0.676000 0.157156 0.050583
7 0.939492 0.872875 0.119953 0.048708
7 0.811422 0.876521 0.150406 0.068208
7 0.800875 0.887427 0.153531 0.102354
7 0.982203 0.690500 0.035594 0.049292
7 0.934305 0.886500 0.124047 0.072167
7 0.922430 0.831927 0.155141 0.105063
7 0.843187 0.762219 0.153625 0.025271
7 0.735938 0.896875 0.490625 0.202083
