0 0.816086 0.785105 0.026703 0.105199
0 0.247078 0.617272 0.018094 0.068501
0 0.056977 0.657834 0.012609 0.070796
0 0.074281 0.651827 0.011938 0.066042
0 0.110984 0.651628 0.027500 0.063864
0 0.162227 0.581475 0.010016 0.064824
0 0.091008 0.648185 0.009203 0.059930
0 0.054477 0.623244 0.014984 0.044941
1 0.972641 0.905410 0.034500 0.031710
1 0.221180 0.624543 0.009953 0.022717
0 0.955117 0.884824 0.056109 0.067541
0 0.972961 0.957377 0.043047 0.085246
1 0.835922 0.712482 0.022344 0.040187
0 0.749117 0.666499 0.024391 0.067611
0 0.157820 0.629824 0.022016 0.062506
0 0.024469 0.699508 0.021344 0.084169
0 0.429688 0.618267 0.859375 0.337237
