0 0.251609 0.731972 0.092656 0.252000
0 0.477594 0.632111 0.078563 0.296444
0 0.337977 0.460181 0.020203 0.078694
0 0.293430 0.450208 0.024266 0.075306
0 0.629305 0.468361 0.019172 0.098722
0 0.785336 0.464236 0.022391 0.106472
0 0.878414 0.444681 0.022516 0.065139
0 0.987672 0.453708 0.024344 0.141861
0 0.427141 0.437583 0.015813 0.103889
0 0.452969 0.429556 0.017375 0.063500
3 0.324531 0.482444 0.021719 0.024944
3 0.472867 0.452583 0.018016 0.015556
0 0.110383 0.423444 0.007516 0.014222
0 0.338594 0.438792 0.023094 0.061083
0 0.232094 0.405903 0.017625 0.056694
3 0.055117 0.539319 0.039578 0.051194
0 0.190625 0.463889 0.196875 0.194444
