8 0.550433 0.856852 0.122365 0.068859
0 0.131358 0.580898 0.262717 0.406734
0 0.266206 0.416641 0.195925 0.274500
0 0.385726 0.842703 0.567471 0.314594
0 0.836815 0.729211 0.326370 0.541578
0 0.792564 0.483023 0.414871 0.235297
6 0.400059 0.638477 0.041194 0.094766
6 0.405890 0.496672 0.041569 0.087000
6 0.556136 0.687273 0.048618 0.103391
6 0.439754 0.416086 0.019930 0.051797
6 0.436253 0.472312 0.026698 0.061375
6 0.442822 0.679406 0.049813 0.092063
6 0.451511 0.558531 0.030562 0.063406
6 0.487354 0.528914 0.030023 0.077328
8 0.501475 0.589141 0.068103 0.039563
8 0.365843 0.513906 0.037963 0.030719
8 0.415234 0.395711 0.038337 0.019828
8 0.382752 0.406281 0.026721 0.025031
2 0.058349 0.431734 0.030890 0.061344
2 0.763806 0.394055 0.018103 0.021953
5 0.257084 0.683758 0.094871 0.019703
0 0.585773 0.366820 0.244145 0.120297
0 0.589918 0.329898 0.153466 0.119734
0 0.423665 0.324359 0.169391 0.146156
0 0.725597 0.446523 0.161030 0.219484
2 0.920714 0.324680 0.089532 0.103891
2 0.829379 0.320820 0.096511 0.102516
2 0.741628 0.307789 0.089532 0.101297
2 0.662260 0.292805 0.077681 0.067453
2 0.062330 0.777281 0.121991 0.013562
6 0.492354 0.703211 0.046815 0.084234
6 0.471136 0.424492 0.017026 0.034078
6 0.404122 0.665117 0.046230 0.039422
5 0.402529 0.441656 0.049977 0.014281
8 0.393478 0.425547 0.031452 0.025000
8 0.483806 0.424430 0.018852 0.026641
8 0.477143 0.400086 0.022576 0.025828
8 0.458525 0.510930 0.042295 0.029828
6 0.528103 0.484375 0.245902 0.190625
