0 0.756948 0.915188 0.090354 0.169625
0 0.452510 0.872516 0.048688 0.072250
0 0.979802 0.958422 0.038729 0.083156
0 0.855177 0.879266 0.039604 0.072250
0 0.194760 0.884273 0.053937 0.042703
0 0.322823 0.875453 0.034188 0.093031
0 0.231271 0.871664 0.017542 0.043547
0 0.583125 0.891164 0.153542 0.205891
0 0.725010 0.867383 0.025646 0.054734
0 0.278083 0.866437 0.024625 0.050375
0 0.294885 0.867313 0.011854 0.045219
0 0.258667 0.865836 0.015125 0.032484
0 0.738927 0.858398 0.017188 0.032734
0 0.500000 0.592187 0.995833 0.753125
