5 0.444992 0.505833 0.014703 0.017676
5 0.220859 0.442911 0.005250 0.007700
0 0.803398 0.514014 0.079047 0.322441
0 0.897719 0.528838 0.058906 0.385235
0 0.646828 0.447946 0.021406 0.098052
0 0.745742 0.522488 0.046391 0.297418
0 0.697336 0.422054 0.043266 0.119930
0 0.231227 0.484343 0.048422 0.198169
0 0.178656 0.482077 0.049781 0.218099
0 0.116023 0.483333 0.098328 0.413427
0 0.026883 0.557559 0.053766 0.331033
0 0.953609 0.541984 0.092781 0.535798
0 0.309656 0.555869 0.096562 0.521502
0 0.373937 0.578955 0.061937 0.414718
0 0.605297 0.389120 0.004562 0.012230
1 0.149977 0.420364 0.049641 0.156737
0 0.600000 0.652582 0.546875 0.690141
