6 0.482094 0.521990 0.033000 0.069271
6 0.807555 0.501229 0.056516 0.106833
6 0.733266 0.490969 0.035906 0.040021
6 0.684961 0.495125 0.047859 0.079000
6 0.628148 0.494167 0.046859 0.075917
0 0.235953 0.551125 0.330344 0.876417
0 0.079234 0.317771 0.032063 0.103333
6 0.464844 0.373615 0.019969 0.061187
8 0.533547 0.619375 0.045969 0.078875
7 0.409375 0.434188 0.072875 0.037000
7 0.025352 0.588688 0.018641 0.112292
7 0.011211 0.453969 0.019234 0.124562
6 0.537516 0.644687 0.059031 0.077708
6 0.533406 0.719750 0.067437 0.140417
6 0.481141 0.648552 0.049094 0.125479
6 0.423031 0.647406 0.050875 0.123312
6 0.355906 0.681552 0.055000 0.131479
6 0.374148 0.639073 0.052578 0.102313
6 0.413898 0.492896 0.038297 0.080500
8 0.448258 0.719542 0.059859 0.137250
2 0.346273 0.422625 0.063609 0.129083
2 0.407680 0.385656 0.058422 0.050271
2 0.495789 0.445010 0.128453 0.102771
2 0.042734 0.466917 0.073313 0.194875
2 0.477352 0.347240 0.083734 0.077813
2 0.294555 0.467146 0.100859 0.224333
2 0.656086 0.419875 0.063047 0.139125
8 0.442047 0.668375 0.055719 0.114875
6 0.594531 0.616667 0.364063 0.358333
