2 0.447687 0.634653 0.122250 0.218250
3 0.493609 0.776958 0.221219 0.442694
3 0.534086 0.621556 0.190828 0.235944
3 0.251539 0.893264 0.184547 0.186528
3 0.108711 0.677528 0.217422 0.173056
3 0.738477 0.636847 0.095047 0.196750
3 0.610055 0.551097 0.154234 0.111361
3 0.875812 0.551889 0.198250 0.062778
3 0.782273 0.643958 0.092516 0.189361
2 0.322945 0.609056 0.104141 0.212944
2 0.388516 0.632750 0.106563 0.256444
2 0.910305 0.768847 0.154703 0.208861
2 0.616852 0.861792 0.116297 0.271917
3 0.141719 0.840778 0.283438 0.223389
2 0.231930 0.899833 0.217109 0.200333
