6 0.337606 0.140596 0.068676 0.193840
6 0.380948 0.117279 0.061961 0.224069
6 0.661944 0.345825 0.063137 0.220278
6 0.615335 0.295466 0.060147 0.145768
6 0.742606 0.368015 0.073023 0.231225
6 0.641887 0.655817 0.069265 0.187680
6 0.728595 0.639428 0.072843 0.187124
6 0.280359 0.469690 0.051863 0.156405
6 0.716683 0.317917 0.053791 0.153415
6 0.957051 0.467696 0.085899 0.190065
6 0.266225 0.501430 0.063170 0.162663
6 0.236822 0.189297 0.122761 0.175817
6 0.687173 0.396699 0.041340 0.150588
6 0.169118 0.551471 0.066993 0.158497
