0 0.334344 0.651686 0.119938 0.656159
0 0.414195 0.646745 0.102984 0.662201
0 0.840359 0.519098 0.211406 0.543817
0 0.533000 0.631452 0.121438 0.705621
0 0.167539 0.632283 0.143609 0.699555
0 0.224602 0.592728 0.088578 0.600211
0 0.079641 0.646393 0.159281 0.684684
8 0.981930 0.241721 0.036141 0.038150
7 0.881516 0.819883 0.151562 0.063888
1 0.328781 0.543747 0.106719 0.203279
0 0.021313 0.627330 0.042625 0.745340
2 0.964422 0.684063 0.071156 0.271405
7 0.751805 0.803302 0.131328 0.067166
7 0.939711 0.632119 0.040453 0.016183
7 0.968320 0.563150 0.038172 0.040351
7 0.976094 0.845117 0.047813 0.056511
7 0.949984 0.651335 0.057844 0.033724
7 0.950789 0.615785 0.048828 0.027213
7 0.938344 0.667998 0.034844 0.011780
5 0.191203 0.719485 0.015094 0.054005
