0 0.353203 0.546168 0.046687 0.180187
0 0.450234 0.541519 0.060437 0.181121
0 0.274703 0.744357 0.104000 0.509276
0 0.241664 0.767068 0.093578 0.465864
0 0.195359 0.742699 0.165313 0.487640
0 0.587195 0.509813 0.034797 0.126495
0 0.782211 0.566846 0.142766 0.278645
0 0.836328 0.482430 0.050938 0.096495
0 0.891781 0.566086 0.094844 0.270958
0 0.388109 0.520911 0.044250 0.124019
0 0.658492 0.640864 0.142703 0.466729
0 0.971906 0.558610 0.038531 0.261145
0 0.723750 0.470409 0.022312 0.051192
0 0.489063 0.549065 0.434375 0.182243
