0 0.263031 0.204406 0.397479 0.408812
0 0.078073 0.272820 0.148688 0.541891
0 0.389771 0.184539 0.382250 0.361172
0 0.567490 0.142914 0.304396 0.285828
0 0.686552 0.121969 0.212104 0.211719
0 0.925188 0.351109 0.149625 0.098281
8 0.572625 0.422570 0.078542 0.062422
8 0.517458 0.338195 0.053833 0.064891
8 0.677917 0.272898 0.038750 0.044578
8 0.730344 0.263844 0.037021 0.043500
8 0.435990 0.396039 0.072313 0.063359
8 0.811771 0.378937 0.062542 0.107937
0 0.864865 0.113742 0.150146 0.227484
0 0.125667 0.412063 0.251333 0.198937
