0 0.486562 0.436854 0.308438 0.308500
0 0.477508 0.680406 0.013266 0.035854
0 0.149703 0.663250 0.019781 0.033833
0 0.716852 0.716906 0.018797 0.067771
0 0.653656 0.965281 0.050344 0.069104
0 0.724719 0.966417 0.041719 0.065167
0 0.810469 0.924208 0.077312 0.129208
0 0.865859 0.962802 0.050344 0.074229
0 0.863281 0.914271 0.039781 0.040208
0 0.563117 0.969417 0.058328 0.061167
0 0.517719 0.984729 0.036687 0.030542
0 0.466063 0.982281 0.031000 0.035438
0 0.806953 0.976437 0.049188 0.045458
0 0.427344 0.702083 0.854688 0.229167
