0 0.521797 0.558740 0.073344 0.155187
0 0.769039 0.540479 0.032109 0.142167
0 0.712883 0.536031 0.032422 0.138729
0 0.943344 0.543396 0.034250 0.142000
0 0.434125 0.550354 0.061562 0.139208
0 0.922461 0.532958 0.023359 0.139375
0 0.834219 0.547542 0.028969 0.134958
0 0.887227 0.542698 0.034047 0.156438
0 0.300102 0.553573 0.063734 0.146812
0 0.138313 0.554885 0.064938 0.150812
0 0.990641 0.545344 0.018719 0.143063
0 0.979445 0.536948 0.019641 0.133313
0 0.817617 0.533698 0.027859 0.143146
0 0.441406 0.544792 0.870313 0.168750
