0 0.469945 0.504532 0.144672 0.600258
0 0.819445 0.430457 0.027828 0.127986
0 0.191055 0.463981 0.081828 0.083138
0 0.039094 0.383056 0.043062 0.123911
0 0.120383 0.448431 0.028797 0.074707
0 0.405477 0.420199 0.027172 0.080960
0 0.228781 0.438419 0.014031 0.054169
0 0.768953 0.431030 0.029000 0.140656
1 0.344758 0.484040 0.030547 0.053091
2 0.277625 0.472611 0.042906 0.096651
0 0.419047 0.518501 0.033813 0.029087
0 0.829094 0.397681 0.014000 0.044356
0 0.065969 0.597752 0.131937 0.521358
0 0.704359 0.451288 0.037531 0.095831
