2 0.465892 0.827344 0.399390 0.320375
2 0.723099 0.709125 0.264460 0.246844
2 0.802664 0.661695 0.174812 0.217047
2 0.808228 0.557984 0.169601 0.146219
2 0.782876 0.504000 0.144014 0.066125
2 0.098134 0.703992 0.095563 0.111516
2 0.577617 0.542500 0.148333 0.083250
2 0.940892 0.574211 0.118216 0.149266
2 0.062594 0.779945 0.125188 0.192703
2 0.270012 0.545852 0.101150 0.023391
2 0.377746 0.542063 0.081878 0.029281
2 0.073803 0.589445 0.144930 0.114422
7 0.290610 0.579359 0.146901 0.025688
7 0.264343 0.624477 0.113192 0.030297
7 0.418603 0.627211 0.115610 0.026672
7 0.616045 0.597859 0.113122 0.017344
7 0.605481 0.607000 0.092183 0.021031
2 0.586608 0.480180 0.032183 0.007797
