0 0.358719 0.632923 0.137969 0.342887
0 0.476453 0.474096 0.060125 0.218756
0 0.881156 0.375270 0.029594 0.113732
0 0.555477 0.356643 0.037797 0.075728
0 0.528992 0.351866 0.043453 0.069131
0 0.099047 0.315153 0.025188 0.091573
0 0.142195 0.273920 0.018172 0.112864
0 0.696094 0.404566 0.054594 0.212042
0 0.302906 0.346291 0.088031 0.293239
0 0.228906 0.259730 0.021438 0.043967
0 0.455422 0.309354 0.012750 0.053216
0 0.613430 0.284178 0.024922 0.079202
0 0.586312 0.328251 0.026250 0.055047
0 0.442188 0.291080 0.865625 0.211268
